1.000000000000000000e+05 1.740353527733316345e+11
1.039255682936713129e+05 7.496082701647078857e+11
1.080052374516253913e+05 2.911583035376420410e+12
1.122450568085305858e+05 1.027506912758682031e+13
1.166513131698196230e+05 3.317412896063038281e+13
1.212305401337652875e+05 9.862185188962360938e+13
1.259895277795028524e+05 2.715767081951656562e+14
1.309353327353609493e+05 6.965470558764988750e+14
1.360752886424333265e+05 1.672520357378473750e+15
1.414170170289023954e+05 3.777552461402103500e+15
1.469684386112447537e+05 8.060794366860790000e+15
1.527377850390712556e+05 1.631681856770756200e+16
1.587336111010208551e+05 3.145098033662731600e+16
1.649648074098020734e+05 5.792684906658277600e+16
1.714406135851971922e+05 1.022779058323214080e+17
1.781706319545728911e+05 1.736385900986089600e+17
1.851648417912154109e+05 2.842350910147121280e+17
1.924336141115979990e+05 4.498393671249664640e+17
1.999877270535287098e+05 6.896914570463979520e+17
2.078383818579755316e+05 1.027063138673595520e+18
2.159972194782717270e+05 1.488408582722734080e+18
2.244763378413223836e+05 2.103092229392090624e+18
2.332883097864158335e+05 2.902495306214948352e+18
2.424462017082330713e+05 3.918980372360952832e+18
2.519635929317013652e+05 5.184690247340392448e+18
2.618545958474232757e+05 6.730266344436440064e+18
2.721338768375308719e+05 8.583601042717151232e+18
2.828166780230035074e+05 1.076860589662261862e+19
2.939188398646884016e+05 1.330426024198926746e+19
3.054568246515431674e+05 1.620378484835130368e+19
3.174477409109193250e+05 1.947408728715771085e+19
3.299093687770942342e+05 2.311543860165923226e+19
3.428601863556583412e+05 2.712146225743587328e+19
3.563193971228583832e+05 3.147935802914167194e+19
3.703069584005140932e+05 3.617049122225688986e+19
3.848436109487432986e+05 4.117073175349706752e+19
3.999509097203661222e+05 4.645096809587514573e+19
4.156512558225988178e+05 5.197851361767639450e+19
4.319679297334173461e+05 5.771758513536581632e+19
4.489251258218607400e+05 6.363039082262605005e+19
4.665479882234468241e+05 6.967742377155339878e+19
4.848626481239077984e+05 7.581909673946084147e+19
5.038962625065150205e+05 8.201558772793078579e+19
5.236770544204655453e+05 8.822821384344874189e+19
5.442343548300272087e+05 9.441945547120852992e+19
5.655986461065001786e+05 1.005538370913008517e+20
5.878016072274912149e+05 1.065979228165434900e+20
6.108761607505040010e+05 1.125207649308617441e+20
6.348565216305210488e+05 1.182942021811156091e+20
6.597782479539533379e+05 1.238928394464131973e+20
6.856782936641738052e+05 1.292940595819006034e+20
7.125950633568410994e+05 1.344781893481637151e+20
7.405684692262442550e+05 1.394284745405688381e+20
7.696399902471150272e+05 1.441306009021324165e+20
7.998527336796708405e+05 1.485732558787014164e+20
8.312514989890631987e+05 1.527476646843364475e+20
8.638828442740453174e+05 1.566466924876443812e+20
8.977951553033313248e+05 1.602660295196002550e+20
9.330387172620360507e+05 1.636030978557642998e+20
9.696657893145519774e+05 1.666571297772045599e+20
1.007730682094461750e+06 1.694290825024079135e+20
1.047289838236357435e+06 1.719212377486110556e+20
1.088401916069005383e+06 1.741371693071247606e+20
1.131127876593921334e+06 1.760815778066442813e+20
1.175531073878369993e+06 1.777603715462237716e+20
1.221677348996793153e+06 1.791799863557122294e+20
1.269635127659972757e+06 1.803476753015091692e+20
1.319475521676705917e+06 1.812710358872188846e+20
1.371272434398400830e+06 1.819586241406859018e+20
1.425102670302996412e+06 1.824188815472468623e+20
1.481046048880673945e+06 1.826607169873702420e+20
1.539185522990205325e+06 1.826934034743527670e+20
1.599607301861487795e+06 1.825259196115510231e+20
1.662400978926613461e+06 1.821675688003326771e+20
1.727659664669034770e+06 1.816276754534517309e+20
1.795480124687830452e+06 1.809153495794262999e+20
1.865962923181745922e+06 1.800396691698726339e+20
1.939212572065830929e+06 1.790097158359755325e+20
2.015337685941735283e+06 1.778341515934049567e+20
2.094451143151468830e+06 1.765215949430764339e+20
2.176670253153459169e+06 1.750804237359666299e+20
2.262116930469026323e+06 1.735188544475975516e+20
2.350917875457284506e+06 1.718447037584086794e+20
2.443204762186486740e+06 1.700655946738349507e+20
2.539114433680347167e+06 1.681890921950363320e+20
2.638789104828934651e+06 1.662221088265416540e+20
2.742376573264952283e+06 1.641716051409134223e+20
2.850030438518105075e+06 1.620440179319035986e+20
2.961910329772553407e+06 1.598457347217574134e+20
3.078182142565079965e+06 1.575829572894755389e+20
3.199018284775060602e+06 1.552611521963538186e+20
3.324597932270938065e+06 1.528859265596943892e+20
3.455107294592218008e+06 1.504623081273743442e+20
3.590739891061055008e+06 1.479959862893261947e+20
3.731696837732755579e+06 1.454909945675461919e+20
3.878187145610719454e+06 1.429520954334429348e+20
4.030428030568050686e+06 1.403835477458965463e+20
4.188645235435271170e+06 1.377894108082614272e+20
4.353073364731892012e+06 1.351735517038372291e+20
4.523956232538058423e+06 1.325396099158423634e+20
4.701547224022129551e+06 1.298910035822702100e+20
4.886109671160326339e+06 1.272309991819493868e+20
5.077917243205402978e+06 1.245627319251075891e+20
5.277254352483532391e+06 1.218890216778252616e+20
5.484416576121015474e+06 1.192125143244443320e+20
5.699711094326075166e+06 1.165361250447922790e+20
5.923457145875805989e+06 1.138617965840853074e+20
6.155986501483513974e+06 1.111924450966052372e+20
6.397643955748423934e+06 1.085296869981002957e+20
6.648787838417262770e+06 1.058757667270357647e+20
6.909790545715644956e+06 1.032325591278957363e+20
7.181039092537341639e+06 1.006019035512521687e+20
7.462935686310129240e+06 9.798546395547474330e+19
7.755898323389001191e+06 9.538485073532778906e+19
8.060361408861344680e+06 9.279103491401931162e+19
8.376776400682924315e+06 9.023701205136477389e+19
8.705612479099856690e+06 8.769257069108115866e+19
9.047357242349293083e+06 8.516947392688006758e+19
9.402517429670132697e+06 8.266891813237530624e+19
9.771619672696182504e+06 8.019206506349050266e+19
1.015521127634569071e+07 7.773990294706046566e+19
1.055386103036523052e+07 7.531358065700002202e+19
1.096816005273137987e+07 7.291396420621180109e+19
1.139872266616052575e+07 7.054206367169021542e+19
1.184618730902682431e+07 6.819869955201944781e+19
1.231121748203889653e+07 6.588474806675615744e+19
1.279450273207873479e+07 6.360103276357563187e+19
1.329675967466210015e+07 6.134836828632801280e+19
1.381873305653633550e+07 5.912745029101031424e+19
1.436119685999077372e+07 5.693912557008741171e+19
1.492495545051829144e+07 5.478405611012238541e+19
1.551084476952840574e+07 5.266296976191626445e+19
1.611973357388155349e+07 5.057658332298391552e+19
1.675252472408217192e+07 4.852557683333156045e+19
1.741015652304015309e+07 4.651063697678943027e+19
1.809360410738716647e+07 4.453242363508213350e+19
1.880388089340916649e+07 4.259162294845667738e+19
1.954204007974051312e+07 4.068890857321905357e+19
2.030917620904734731e+07 3.882493160685736755e+19
2.110642679101554677e+07 3.700036060192737690e+19
2.193497398905055597e+07 3.521584570156456346e+19
2.279604637318982184e+07 3.347206521976617779e+19
2.369092074182632193e+07 3.176965221492071629e+19
2.462092401494625583e+07 3.010926828054193766e+19
2.558743520168589056e+07 2.849154791505950310e+19
2.659188744512690976e+07 2.691711416654596915e+19
2.763577014736157283e+07 2.538664274855326106e+19
2.872063117797828093e+07 2.390068789914590003e+19
2.984807916924321279e+07 2.245986498124555878e+19
3.101978590138100088e+07 2.106474162779666432e+19
3.223748878149027005e+07 1.971586445790733107e+19
3.350299341977229714e+07 1.841375467479074202e+19
3.481817630688966811e+07 1.715886045501632307e+19
3.618498759642742574e+07 1.595162969627931238e+19
3.760545399658175558e+07 1.479243941670849536e+19
3.908168177536264062e+07 1.368160802153368371e+19
4.061585988376979530e+07 1.261938119620015514e+19
4.221026320156902820e+07 1.160593850326026650e+19
4.386725591048493981e+07 1.064135163203701350e+19
4.558929499981059134e+07 9.725673495235438592e+18
4.737893390963143855e+07 8.858746948086482944e+18
4.923882631706731766e+07 8.040371068082568192e+18
5.117173007114610076e+07 7.270223143259972608e+18
5.318051128214196861e+07 6.547837238289135616e+18
5.526814857144603133e+07 5.872632060508125184e+18
5.743773748826587200e+07 5.243862223233682432e+18
5.969249509970727563e+07 4.660660301810279424e+18
6.203576476104268432e+07 4.121993100018924032e+18
6.447102107323869318e+07 3.626708777918477824e+18
6.700187503509576619e+07 3.173465238735791104e+18
6.963207939763890207e+07 2.760808636903760384e+18
7.236553422869649529e+07 2.387125307874831360e+18
7.520629269592407346e+07 2.050680622605052160e+18
7.815856707684090734e+07 1.749609529240628224e+18
8.122673500479702652e+07 1.481944020467016448e+18
8.441534596012993157e+07 1.245618329837913600e+18
8.772912801613356173e+07 1.038496943431549440e+18
9.117299484984922409e+07 8.583892400140012800e+17
9.475205302806547284e+07 7.030724650394790400e+17
9.847160957933764160e+07 5.703167895022057600e+17
1.023371798632517159e+08 4.579110748335080960e+17
1.063544957486011237e+08 3.636867085149836160e+17
1.105295141126019806e+08 2.855430287928448000e+17
1.148684256737554818e+08 2.214674637450091520e+17
1.193776641714435816e+08 1.695574697363652480e+17
1.240639159058829248e+08 1.280420469952584640e+17
1.289341296525715739e+08 9.529004190929560000e+16
1.339955269659337103e+08 6.982587292605436800e+16
1.392556128874464631e+08 5.033196310451857600e+16
1.447221870741134286e+08 3.565118744439898800e+16
1.504033553638022244e+08 2.478854845873534000e+16
1.563075417945817411e+08 1.689919092778411000e+16
1.624435010958865285e+08 1.128193111052473000e+16
1.688203316700366139e+08 7.366021907584226000e+15
1.754474890833459795e+08 4.696853635233800000e+15
1.823348000868438482e+08 2.920472589772306000e+15
1.894924771873823702e+08 1.768004098708410500e+15
1.969311337907421887e+08 1.040296415761091125e+15
2.046617999391994178e+08 5.938729538536066250e+14
2.126959386668691933e+08 3.282852848181474375e+14
2.210454629971019328e+08 1.753618146467406875e+14
2.297227536071146429e+08 9.032136060474698438e+13
2.387406771860646904e+08 4.475108981626784375e+13
2.481126055137765408e+08 2.127566273256510938e+13
2.578524352884276509e+08 9.680149920099382812e+12
2.679746087325689495e+08 4.202983320531529785e+12
2.784941350080638528e+08 1.736184024282343018e+12
2.894266124716751575e+08 6.801289876678891602e+11
3.007882518043096066e+08 2.517906208601542053e+11
3.125959000482284427e+08 8.776955739999913025e+10
3.248670655878374577e+08 2.869424331647492218e+10
3.376199441111333370e+08 8.761309593099061966e+09
3.508734455902714729e+08 2.487250672957345009e+09
3.646472223212745190e+08 6.533840177340170145e+08
3.789616980644723773e+08 1.580169137704504728e+08
3.938380983288488984e+08 3.499043141864231974e+07
4.092984818452433944e+08 7.053191388482885435e+06
4.253657732750391960e+08 1.286333252525425283e+06
4.420637972028530240e+08 2.107910148941074440e+05
4.594173134636485577e+08 3.082664662961460999e+04
4.774520538566131592e+08 3.992538154291072715e+03
4.961947603002898097e+08 4.542967384041369883e+02
5.156732244854952693e+08 4.502421762765536783e+01
5.359163290848514438e+08 3.850989708808007617e+00
5.569540905800124407e+08 2.815007617020344743e-01
5.788177037701280117e+08 1.740188946874751327e-02
6.015395880274832249e+08 8.996486330851753916e-04
6.251534353689699173e+08 3.843354766277327504e-05
6.496942604146125317e+08 1.339459688850746060e-06
6.751984523072494268e+08 3.756338282296979300e-08
7.017038286703836918e+08 8.354259816243485891e-10
7.292496916841443777e+08 1.450285251146715997e-11
7.578768863625915051e+08 1.932381224695912919e-13
7.876278611187063456e+08 1.940803888961804609e-15
8.185467307069020271e+08 1.441208198283275358e-17
8.506793416364170313e+08 7.750030377820660737e-20
8.840733401525062323e+08 2.951751998448999999e-22
9.187782428863321543e+08 7.774726089729460558e-25
9.548455102782303095e+08 1.381417408828763748e-27
9.923286228832545280e+08 1.610563701216491188e-30
1.031283160672186852e+09 1.197028339833290128e-33
1.071766885445503354e+09 5.498866057821265951e-37
1.113839826482618332e+09 1.510541371758077225e-40
1.157564369553301096e+09 2.395115696757353469e-44
1.203005349423324108e+09 2.111058070643462455e-48
1.250230145991458654e+09 9.930518632466694883e-53
1.299308784200417042e+09 2.388809284568531160e-57
1.350314037869872093e+09 2.806117224016502859e-62
1.403321537605481863e+09 1.531953757013628024e-67
1.458409882943986416e+09 3.687557091751856355e-73
1.515660758900601149e+09 3.702526735841029428e-79
1.575159057091624498e+09 1.458547919776216159e-85
1.636993001611701965e+09 2.114381421163921396e-92
1.701254279852585793e+09 1.052860047776551763e-99
1.768038178457201481e+09 1.673330809246921544e-107
1.837443724610724926e+09 7.839482008280502139e-116
1.909573832878100634e+09 9.889194409761490375e-125
1.984535457805803299e+09 3.137428104227326914e-134
2.062439752514088392e+09 2.220383875028974265e-144
2.143402233514850140e+09 3.187444461682145448e-155
2.227542951999556541e+09 8.324438220419497964e-167
2.314986671851165771e+09 3.498812453760172687e-179
2.405863054644066811e+09 2.088445916918522980e-192
2.500306851906321526e+09 1.554313061836680768e-206
2.598458104929241657e+09 1.242054766320114658e-221
2.700462352420681953e+09 9.120677368315505797e-238
2.806470846309844494e+09 5.219262966022095549e-255
2.916640776023706913e+09 1.952767360213585513e-273
3.031135501567575932e+09 3.935702571417667252e-293
3.150124795755321503e+09 0.000000000000000000e+00
3.273785095948576927e+09 0.000000000000000000e+00
3.402299765678064346e+09 0.000000000000000000e+00
3.535859366535182953e+09 0.000000000000000000e+00
3.674661940736688137e+09 0.000000000000000000e+00
3.818913304781846523e+09 0.000000000000000000e+00
3.968827354637149811e+09 0.000000000000000000e+00
4.124626382901348114e+09 0.000000000000000000e+00
4.286541408420933723e+09 0.000000000000000000e+00
4.454812518844988823e+09 0.000000000000000000e+00
4.629689226627258301e+09 0.000000000000000000e+00
4.811430839003244400e+09 0.000000000000000000e+00
5.000306842491089821e+09 0.000000000000000000e+00
5.196597302486207962e+09 0.000000000000000000e+00
5.400593278542373657e+09 0.000000000000000000e+00
5.612597255954965591e+09 0.000000000000000000e+00
5.832923594286188126e+09 0.000000000000000000e+00
6.061898993497571945e+09 0.000000000000000000e+00
6.299862978380705833e+09 0.000000000000000000e+00
6.547168402004742622e+09 0.000000000000000000e+00
6.804181968927093506e+09 0.000000000000000000e+00
7.071284778942981720e+09 0.000000000000000000e+00
7.348872892180387497e+09 0.000000000000000000e+00
7.637357916378011703e+09 0.000000000000000000e+00
7.937167617217558861e+09 0.000000000000000000e+00
8.248746552614581108e+09 0.000000000000000000e+00
8.572556731909307480e+09 0.000000000000000000e+00
8.909078300934106827e+09 0.000000000000000000e+00
9.258810253973945618e+09 0.000000000000000000e+00
9.622271173675153732e+09 0.000000000000000000e+00
1.000000000000000000e+10 0.000000000000000000e+00
