1.000000000000000000e+05 0.000000000000000000e+00
1.039255682936713129e+05 0.000000000000000000e+00
1.080052374516253913e+05 0.000000000000000000e+00
1.122450568085305858e+05 0.000000000000000000e+00
1.166513131698196230e+05 0.000000000000000000e+00
1.212305401337652875e+05 0.000000000000000000e+00
1.259895277795028524e+05 0.000000000000000000e+00
1.309353327353609493e+05 0.000000000000000000e+00
1.360752886424333265e+05 0.000000000000000000e+00
1.414170170289023954e+05 0.000000000000000000e+00
1.469684386112447537e+05 0.000000000000000000e+00
1.527377850390712556e+05 0.000000000000000000e+00
1.587336111010208551e+05 0.000000000000000000e+00
1.649648074098020734e+05 0.000000000000000000e+00
1.714406135851971922e+05 0.000000000000000000e+00
1.781706319545728911e+05 0.000000000000000000e+00
1.851648417912154109e+05 0.000000000000000000e+00
1.924336141115979990e+05 9.223419764807186171e-294
1.999877270535287098e+05 6.161792931323625514e-275
2.078383818579755316e+05 2.417016386315531014e-257
2.159972194782717270e+05 6.759566191807844128e-241
2.244763378413223836e+05 1.608161248667265400e-225
2.332883097864158335e+05 3.855412801407701495e-211
2.424462017082330713e+05 1.083292081625493095e-197
2.519635929317013652e+05 4.118690064139147955e-185
2.618545958474232757e+05 2.428031140754316299e-173
2.721338768375308719e+05 2.510462268611419929e-162
2.828166780230035074e+05 5.114320139552801895e-152
2.939188398646884016e+05 2.289079108213132538e-142
3.054568246515431674e+05 2.488057964487903268e-133
3.174477409109193250e+05 7.208959662873492792e-125
3.299093687770942342e+05 6.081315807686435540e-117
3.428601863556583412e+05 1.619076387490954562e-109
3.563193971228583832e+05 1.467680785040546691e-102
3.703069584005140932e+05 4.865512832511179759e-96
3.848436109487432986e+05 6.298708998490364321e-90
3.999509097203661222e+05 3.381940645285316704e-84
4.156512558225988178e+05 7.980168756474474487e-79
4.319679297334173461e+05 8.725221880306366215e-74
4.489251258218607400e+05 4.647539559059063377e-69
4.665479882234468241e+05 1.261428056342618380e-64
4.848626481239077984e+05 1.826952333177100269e-60
5.038962625065150205e+05 1.466203120330024482e-56
5.236770544204655453e+05 6.773662441013348792e-53
5.442343548300272087e+05 1.865745561878308355e-49
5.655986461065001786e+05 3.165594398552430646e-46
5.878016072274912149e+05 3.410364778403343823e-43
6.108761607505040010e+05 2.402324875185320625e-40
6.348565216305210488e+05 1.134825296516541888e-37
6.597782479539533379e+05 3.688780972520314148e-35
6.856782936641738052e+05 8.438838715714060909e-33
7.125950633568410994e+05 1.388586226718348291e-30
7.405684692262442550e+05 1.676856383071066341e-28
7.696399902471150272e+05 1.514375374704281117e-26
7.998527336796708405e+05 1.040844587276961253e-24
8.312514989890631987e+05 5.534645113310814447e-23
8.638828442740453174e+05 2.311900425337525456e-21
8.977951553033313248e+05 7.693902749607239808e-20
9.330387172620360507e+05 2.068477902093123519e-18
9.696657893145519774e+05 4.546007071037448649e-17
1.007730682094461750e+06 8.264059640931046863e-16
1.047289838236357435e+06 1.256248858681740438e-14
1.088401916069005383e+06 1.612801200895575474e-13
1.131127876593921334e+06 1.764837857301482828e-12
1.175531073878369993e+06 1.662835360694603713e-11
1.221677348996793153e+06 1.358030185521695379e-10
1.269635127659972757e+06 9.693276925700404950e-10
1.319475521676705917e+06 6.089962839318962519e-09
1.371272434398400830e+06 3.390457551294416579e-08
1.425102670302996412e+06 1.683180786149098982e-07
1.481046048880673945e+06 7.495082593262439282e-07
1.539185522990205325e+06 3.009950668709722306e-06
1.599607301861487795e+06 1.095823441037879192e-05
1.662400978926613461e+06 3.634292157246336651e-05
1.727659664669034770e+06 1.102981271544423641e-04
1.795480124687830452e+06 3.076595546385506395e-04
1.865962923181745922e+06 7.919370662707742861e-04
1.939212572065830929e+06 1.888450778862864896e-03
2.015337685941735283e+06 4.187236120218770265e-03
2.094451143151468830e+06 8.663223079663716006e-03
2.176670253153459169e+06 1.678219400501256356e-02
2.262116930469026323e+06 3.053811355685868978e-02
2.350917875457284506e+06 5.236358541196159400e-02
2.443204762186486740e+06 8.487330624845483562e-02
2.539114433680347167e+06 1.304178625571236760e-01
2.638789104828934651e+06 1.905753934520307558e-01
2.742376573264952283e+06 2.655630593347128032e-01
2.850030438518105075e+06 3.539227449491501587e-01
2.961910329772553407e+06 4.523583585188363232e-01
3.078182142565079965e+06 5.560993388018108385e-01
3.199018284775060602e+06 6.592471366767428398e-01
3.324597932270938065e+06 7.556993863354887209e-01
3.455107294592218008e+06 8.397673671971560561e-01
3.590739891061055008e+06 9.070306509970901265e-01
3.731696837732755579e+06 9.543820064803127945e-01
3.878187145610719454e+06 9.805414174976759822e-01
4.030428030568050686e+06 9.857745694274614445e-01
4.188645235435271170e+06 9.715295882900465418e-01
4.353073364731892012e+06 9.403557913348193908e-01
4.523956232538058423e+06 8.952076142507283674e-01
4.701547224022129551e+06 8.393158515240369821e-01
4.886109671160326339e+06 7.757786327864634179e-01
5.077917243205402978e+06 7.075181839833655228e-01
5.277254352483532391e+06 6.370525209346618034e-01
5.484416576121015474e+06 5.665727044103038290e-01
5.699711094326075166e+06 4.978737695848586275e-01
5.923457145875805989e+06 4.323419688611250811e-01
6.155986501483513974e+06 3.710359284607271380e-01
6.397643955748423934e+06 3.147673010377950442e-01
6.648787838417262770e+06 2.639767456174159088e-01
6.909790545715644956e+06 2.188947197730073124e-01
7.181039092537341639e+06 1.795378769497565086e-01
7.462935686310129240e+06 1.457198455185240993e-01
7.755898323389001191e+06 1.171035358420718236e-01
8.060361408861344680e+06 9.323293579810561227e-02
8.376776400682924315e+06 7.359574166617538493e-02
8.705612479099856690e+06 5.763779617879370709e-02
9.047357242349293083e+06 4.481810570062213367e-02
9.402517429670132697e+06 3.461283106490988665e-02
9.771619672696182504e+06 2.655889179282063320e-02
1.015521127634569071e+07 2.024411220623579047e-02
1.055386103036523052e+07 1.532348168255172512e-02
1.096816005273137987e+07 1.150762628661601561e-02
1.139872266616052575e+07 8.563001755793610628e-03
1.184618730902682431e+07 6.305662280925451377e-03
1.231121748203889653e+07 4.585477839692530914e-03
1.279450273207873479e+07 3.286553439295620931e-03
1.329675967466210015e+07 2.316807728170076474e-03
1.381873305653633550e+07 1.604086533516819926e-03
1.436119685999077372e+07 1.091983256041248896e-03
1.492495545051829144e+07 7.292084832024061086e-04
1.551084476952840574e+07 4.763228329200647313e-04
1.611973357388155349e+07 3.035891501540194772e-04
1.675252472408217192e+07 1.891096578307965305e-04
1.741015652304015309e+07 1.148957954304090568e-04
1.809360410738716647e+07 6.786023548908030705e-05
1.880388089340916649e+07 3.884710483027146668e-05
1.954204007974051312e+07 2.155223788377745806e-05
2.030917620904734731e+07 1.159370581357296471e-05
2.110642679101554677e+07 6.022162758591994212e-06
2.193497398905055597e+07 3.009104363105072283e-06
2.279604637318982184e+07 1.443744410008696903e-06
2.369092074182632193e+07 6.668130129386271666e-07
2.462092401494625583e+07 2.952230683223208430e-07
2.558743520168589056e+07 1.247210219538523176e-07
2.659188744512690976e+07 5.010058762430252073e-08
2.763577014736157283e+07 1.919486563050509188e-08
2.872063117797828093e+07 6.992827206824855963e-09
2.984807916924321279e+07 2.409275936161293301e-09
3.101978590138100088e+07 7.811602526468764198e-10
3.223748878149027005e+07 2.387045001203243804e-10
3.350299341977229714e+07 6.870362210325558865e-11
3.481817630688966811e+07 1.850999832960816254e-11
3.618498759642742574e+07 4.640523242990985609e-12
3.760545399658175558e+07 1.080342801304543212e-12
3.908168177536264062e+07 2.341325263257782938e-13
4.061585988376979530e+07 4.691617101575580398e-14
4.221026320156902820e+07 8.631112064755481092e-15
4.386725591048493981e+07 1.448121630189747725e-15
4.558929499981059134e+07 2.232431121266606178e-16
4.737893390963143855e+07 3.130163053663110553e-17
4.923882631706731766e+07 3.963717849077447756e-18
5.117173007114610076e+07 4.497315248756927209e-19
5.318051128214196861e+07 4.578303793144841101e-20
5.526814857144603133e+07 4.165865423322003615e-21
5.743773748826587200e+07 3.354342967240783502e-22
5.969249509970727563e+07 2.366859026260938497e-23
6.203576476104268432e+07 1.457697683399374669e-24
6.447102107323869318e+07 7.836408540166906950e-26
6.700187503509576619e+07 3.634395804352939788e-27
6.963207939763890207e+07 1.436835590287062379e-28
7.236553422869649529e+07 4.790006969239560872e-30
7.520629269592407346e+07 1.354384326088765670e-31
7.815856707684090734e+07 3.197723152630473637e-33
8.122673500479702652e+07 6.211739687553945174e-35
8.441534596012993157e+07 9.800722713560156370e-37
8.772912801613356173e+07 1.254389858799615559e-38
9.117299484984922409e+07 1.288724811552761954e-40
9.475205302806547284e+07 1.043939196743017866e-42
9.847160957933764160e+07 6.549909080194974364e-45
1.023371798632517159e+08 3.155284959465261576e-47
1.063544957486011237e+08 1.159869761389279580e-49
1.105295141126019806e+08 3.182984703924682873e-52
1.148684256737554818e+08 6.378367032196029217e-55
1.193776641714435816e+08 9.152275745689262712e-58
1.240639159058829248e+08 9.413807576410661021e-61
1.289341296525715739e+08 6.734408398671347879e-64
1.339955269659337103e+08 3.266921321649265471e-67
1.392556128874464631e+08 1.045771751662109078e-70
1.447221870741134286e+08 2.192975656393347937e-74
1.504033553638022244e+08 2.935069770739017340e-78
1.563075417945817411e+08 2.426386513262188678e-82
1.624435010958865285e+08 1.195423054800722978e-86
1.688203316700366139e+08 3.440821238919770250e-91
1.754474890833459795e+08 5.665776465645573288e-96
1.823348000868438482e+08 5.110732711123440284e-101
1.894924771873823702e+08 2.419061257279536716e-106
1.969311337907421887e+08 5.780292436382615340e-112
2.046617999391994178e+08 6.872260872523346530e-118
2.126959386668691933e+08 3.841940482745172689e-124
2.210454629971019328e+08 9.583972622685994875e-131
2.297227536071146429e+08 1.008850915236450629e-137
2.387406771860646904e+08 4.380915964259401387e-145
2.481126055137765408e+08 7.388121912872529526e-153
2.578524352884276509e+08 4.513101109575525747e-161
2.679746087325689495e+08 9.345911220901029852e-170
2.784941350080638528e+08 6.205964946973827272e-179
2.894266124716751575e+08 1.256359844115979601e-188
3.007882518043096066e+08 7.090128665420013011e-199
3.125959000482284427e+08 1.018864779684423041e-209
3.248670655878374577e+08 3.448323380308884778e-221
3.376199441111333370e+08 2.583011250654704818e-233
3.508734455902714729e+08 3.861571191203108162e-246
3.646472223212745190e+08 1.023999861469737571e-259
3.789616980644723773e+08 4.291383042970732627e-274
3.938380983288488984e+08 2.652659316897341961e-289
4.092984818452433944e+08 0.000000000000000000e+00
4.253657732750391960e+08 0.000000000000000000e+00
4.420637972028530240e+08 0.000000000000000000e+00
4.594173134636485577e+08 0.000000000000000000e+00
4.774520538566131592e+08 0.000000000000000000e+00
4.961947603002898097e+08 0.000000000000000000e+00
5.156732244854952693e+08 0.000000000000000000e+00
5.359163290848514438e+08 0.000000000000000000e+00
5.569540905800124407e+08 0.000000000000000000e+00
5.788177037701280117e+08 0.000000000000000000e+00
6.015395880274832249e+08 0.000000000000000000e+00
6.251534353689699173e+08 0.000000000000000000e+00
6.496942604146125317e+08 0.000000000000000000e+00
6.751984523072494268e+08 0.000000000000000000e+00
7.017038286703836918e+08 0.000000000000000000e+00
7.292496916841443777e+08 0.000000000000000000e+00
7.578768863625915051e+08 0.000000000000000000e+00
7.876278611187063456e+08 0.000000000000000000e+00
8.185467307069020271e+08 0.000000000000000000e+00
8.506793416364170313e+08 0.000000000000000000e+00
8.840733401525062323e+08 0.000000000000000000e+00
9.187782428863321543e+08 0.000000000000000000e+00
9.548455102782303095e+08 0.000000000000000000e+00
9.923286228832545280e+08 0.000000000000000000e+00
1.031283160672186852e+09 0.000000000000000000e+00
1.071766885445503354e+09 0.000000000000000000e+00
1.113839826482618332e+09 0.000000000000000000e+00
1.157564369553301096e+09 0.000000000000000000e+00
1.203005349423324108e+09 0.000000000000000000e+00
1.250230145991458654e+09 0.000000000000000000e+00
1.299308784200417042e+09 0.000000000000000000e+00
1.350314037869872093e+09 0.000000000000000000e+00
1.403321537605481863e+09 0.000000000000000000e+00
1.458409882943986416e+09 0.000000000000000000e+00
1.515660758900601149e+09 0.000000000000000000e+00
1.575159057091624498e+09 0.000000000000000000e+00
1.636993001611701965e+09 0.000000000000000000e+00
1.701254279852585793e+09 0.000000000000000000e+00
1.768038178457201481e+09 0.000000000000000000e+00
1.837443724610724926e+09 0.000000000000000000e+00
1.909573832878100634e+09 0.000000000000000000e+00
1.984535457805803299e+09 0.000000000000000000e+00
2.062439752514088392e+09 0.000000000000000000e+00
2.143402233514850140e+09 0.000000000000000000e+00
2.227542951999556541e+09 0.000000000000000000e+00
2.314986671851165771e+09 0.000000000000000000e+00
2.405863054644066811e+09 0.000000000000000000e+00
2.500306851906321526e+09 0.000000000000000000e+00
2.598458104929241657e+09 0.000000000000000000e+00
2.700462352420681953e+09 0.000000000000000000e+00
2.806470846309844494e+09 0.000000000000000000e+00
2.916640776023706913e+09 0.000000000000000000e+00
3.031135501567575932e+09 0.000000000000000000e+00
3.150124795755321503e+09 0.000000000000000000e+00
3.273785095948576927e+09 0.000000000000000000e+00
3.402299765678064346e+09 0.000000000000000000e+00
3.535859366535182953e+09 0.000000000000000000e+00
3.674661940736688137e+09 0.000000000000000000e+00
3.818913304781846523e+09 0.000000000000000000e+00
3.968827354637149811e+09 0.000000000000000000e+00
4.124626382901348114e+09 0.000000000000000000e+00
4.286541408420933723e+09 0.000000000000000000e+00
4.454812518844988823e+09 0.000000000000000000e+00
4.629689226627258301e+09 0.000000000000000000e+00
4.811430839003244400e+09 0.000000000000000000e+00
5.000306842491089821e+09 0.000000000000000000e+00
5.196597302486207962e+09 0.000000000000000000e+00
5.400593278542373657e+09 0.000000000000000000e+00
5.612597255954965591e+09 0.000000000000000000e+00
5.832923594286188126e+09 0.000000000000000000e+00
6.061898993497571945e+09 0.000000000000000000e+00
6.299862978380705833e+09 0.000000000000000000e+00
6.547168402004742622e+09 0.000000000000000000e+00
6.804181968927093506e+09 0.000000000000000000e+00
7.071284778942981720e+09 0.000000000000000000e+00
7.348872892180387497e+09 0.000000000000000000e+00
7.637357916378011703e+09 0.000000000000000000e+00
7.937167617217558861e+09 0.000000000000000000e+00
8.248746552614581108e+09 0.000000000000000000e+00
8.572556731909307480e+09 0.000000000000000000e+00
8.909078300934106827e+09 0.000000000000000000e+00
9.258810253973945618e+09 0.000000000000000000e+00
9.622271173675153732e+09 0.000000000000000000e+00
1.000000000000000000e+10 0.000000000000000000e+00
