5.000000306495381436e-02 2.150564807788039828e-09
5.432310377758500092e-02 2.144026944520527681e-09
5.901998846273464466e-02 2.137497946712442082e-09
6.412297523358094498e-02 2.130977845174691273e-09
6.966717649229303699e-02 2.124466692984555481e-09
7.569074052987080636e-02 2.117964598685657376e-09
8.223511401519213726e-02 2.111471577586092954e-09
8.934532717939035196e-02 2.104987707748226728e-09
9.707030365784619086e-02 2.098512904856306775e-09
1.054631971217408065e-01 2.092047315080098132e-09
1.145817570154487458e-01 2.085590863368587720e-09
1.244887259163211246e-01 2.079143569067996060e-09
1.352522712509936775e-01 2.072705459104476909e-09
1.469464543387542510e-01 2.066276476426311394e-09
1.596517399893418732e-01 2.059856543451464306e-09
1.734555501615957507e-01 2.053445688815751375e-09
1.884528654925427815e-01 2.047043923618407791e-09
2.047468788358988712e-01 2.040651187632148871e-09
2.224497053068217045e-01 2.034267595545684418e-09
2.416831537185595014e-01 2.027892963475413061e-09
2.625795647190620197e-01 2.021527433373705010e-09
2.852827213945667850e-01 2.015171080111540791e-09
3.099488386058009692e-01 2.008823832514032663e-09
3.367476378641783286e-01 2.002485751102441163e-09
3.658635151439519340e-01 1.996156675386130015e-09
3.974968096657516825e-01 1.989836686795903661e-09
4.318651823816949120e-01 1.983525885736404826e-09
4.692051136470897221e-01 1.977224117803795017e-09
5.097735303838419885e-01 1.970931481836706484e-09
5.538495739316795508e-01 1.964647967742647360e-09
6.017365207513443170e-01 1.958373565361469438e-09
6.537638691956427772e-01 1.952108301945334899e-09
7.102896067069116581e-01 1.945852185201353928e-09
7.717026730409313195e-01 1.939605138048923244e-09
8.384256364661279992e-01 1.933367176194821287e-09
9.109176013523369031e-01 1.927138399801804974e-09
9.896773671555280094e-01 1.920918738328514267e-09
1.075246860534697868e+00 1.914708264306641415e-09
1.168214864216485127e+00 1.908506840550150841e-09
1.269221068264910546e+00 1.902314544055729595e-09
1.378960471632038054e+00 1.896131418728997144e-09
1.498188164275545464e+00 1.889957391458810880e-09
1.627724522747790559e+00 1.883792591631591759e-09
1.768460855005947741e+00 1.877636865351900143e-09
1.921365533283764471e+00 1.871490277596395247e-09
2.087490657223729507e+00 1.865352859239868473e-09
2.267979293117039497e+00 1.859224625152200346e-09
2.464073339062796464e+00 1.853105503834152990e-09
2.677122070164664969e+00 1.846995464909337586e-09
2.908591422562399220e+00 1.840894667851861330e-09
3.160074080179393619e+00 1.834803001559044828e-09
3.433300433590687817e+00 1.828720505702269872e-09
3.730150486416712763e+00 1.822647154133565480e-09
4.052666791167756521e+00 1.816582939481233072e-09
4.403068503547536316e+00 1.810527971185921613e-09
4.783766651920096535e+00 1.804482103003896060e-09
5.197380727005478818e+00 1.798445387047814384e-09
5.646756705953809075e+00 1.792417922004658296e-09
6.134986634817044759e+00 1.786399585573415938e-09
6.665429904160565577e+00 1.780390422623140993e-09
7.241736364206910359e+00 1.774390449788342937e-09
7.867871438561213182e+00 1.768399640433892486e-09
8.548143409319855834e+00 1.762418040087369666e-09
9.287233061304430493e+00 1.756445573765972159e-09
1.009022588939565956e+01 1.750482350221285768e-09
1.096264709057816944e+01 1.744528307224050822e-09
1.191049958146774657e+01 1.738583442067148988e-09
1.294030530291033365e+01 1.732647744450781018e-09
1.405915009585972264e+01 1.726721296056221639e-09
1.527473245731365203e+01 1.720804004540456551e-09
1.659541651178619759e+01 1.714895963449255201e-09
1.803028956280009609e+01 1.708997079963945484e-09
1.958922462039658186e+01 1.703107405385237703e-09
2.128294833489946924e+01 1.697226926640477405e-09
2.312311480436890676e+01 1.691355684401372440e-09
2.512238576359582609e+01 1.685493657712004887e-09
2.729451770639808927e+01 1.679640823084168076e-09
2.965445654068511416e+01 1.673797232068634799e-09
3.221844042758977622e+01 1.667962848135232747e-09
3.500411151227830686e+01 1.662137681550253117e-09
3.803063731523012336e+01 1.656321730331312696e-09
4.131884261925198132e+01 1.650515019011999913e-09
4.489135275970811279e+01 1.644717566600435348e-09
4.877274930391150320e+01 1.638929318593765161e-09
5.298973919086837725e+01 1.633150275538908971e-09
5.757133849518427127e+01 1.627380508578265555e-09
6.254907207956701143e+01 1.621619954933685071e-09
6.795719050968628494e+01 1.615868673213601223e-09
7.383290572392716911e+01 1.610126586157477232e-09
8.021664707962456475e+01 1.604393775651703182e-09
8.715233953756924734e+01 1.598670254348747283e-09
9.468770589890500844e+01 1.592955935778618529e-09
1.028745951740357327e+02 1.587250901145787787e-09
1.117693393429664326e+02 1.581555038844444501e-09
1.214331409618621507e+02 1.575868474963157363e-09
1.319324942828470739e+02 1.570191228595142951e-09
1.433396427846670349e+02 1.564523215823704843e-09
1.557330762623751070e+02 1.558864454616667780e-09
1.691980708963857012e+02 1.553214963679599864e-09
1.838272760169885771e+02 1.547574754798512088e-09
1.997213516016985579e+02 1.541943826601107887e-09
2.169896608919063681e+02 1.536322162862417596e-09
2.357510228945600659e+02 1.530709767263771723e-09
2.561345299466503320e+02 1.525106651264819424e-09
2.782804359679629442e+02 1.519512823946356081e-09
3.023411215139539649e+02 1.513928326083462721e-09
3.284821422690270651e+02 1.508353067552763921e-09
3.568833681946549063e+02 1.502787106806982010e-09
3.877402211705295372e+02 1.497230449529731224e-09
4.212650196446518862e+02 1.491683104255754418e-09
4.576884395445773066e+02 1.486145049928520175e-09
4.972611015019747924e+02 1.480616274710094136e-09
5.402552953118091636e+02 1.475096841470920472e-09
5.869668534917385614e+02 1.469586631670242235e-09
6.377171868332113718e+02 1.464085820732717050e-09
6.928554959503996997e+02 1.458594331057090584e-09
7.527611740441102484e+02 1.453112080021557693e-09
8.178464174134680889e+02 1.447639207021181553e-09
8.885590616777083142e+02 1.442175657756288904e-09
9.653856632233860182e+02 1.436721411659027405e-09
1.048854847079700448e+03 1.431276449853807355e-09
1.139540944257864339e+03 1.425840867513942437e-09
1.238067943582123917e+03 1.420414663312897992e-09
1.345113785204026044e+03 1.414997683719160970e-09
1.461415025342577792e+03 1.409590122998107451e-09
1.587771904347188411e+03 1.404191836218281835e-09
1.725053852955512866e+03 1.398802965158666313e-09
1.874205474633442009e+03 1.393423432671506254e-09
2.036253045160176498e+03 1.388053196649190772e-09
2.212311574180537718e+03 1.382692378572164629e-09
2.403592477313240579e+03 1.377340836305085679e-09
2.611411911605056048e+03 1.371998714639216058e-09
2.837199831685137269e+03 1.366665932446023800e-09
3.082509828932561049e+03 1.361342494563697201e-09
3.349029821358149547e+03 1.356028446233399003e-09
3.638593667754888429e+03 1.350723794168495626e-09
3.953193786031119089e+03 1.345428483250601253e-09
4.294994862550232028e+03 1.340142543448928974e-09
4.666348746807352654e+03 1.334865943508869006e-09
5.069810633929679170e+03 1.329598794311163223e-09
5.508156646348401409e+03 1.324341025105568838e-09
5.984402935617212279e+03 1.319092614242271341e-09
6.501826435812404270e+03 1.313853562908683952e-09
7.063987411313763914e+03 1.308623950487437262e-09
7.674753954111699386e+03 1.303403711969000103e-09
8.338328599200967801e+03 1.298192905015659829e-09
9.059277241194669841e+03 1.292991462342036575e-09
9.842560551126764040e+03 1.287799435328735953e-09
1.069356810961463634e+04 1.282616803422393482e-09
1.161815549124318022e+04 1.277443636583312662e-09
1.262268455533953420e+04 1.272279835651509851e-09
1.371406722036894644e+04 1.267125453438007207e-09
1.489981302315279390e+04 1.261980517425647525e-09
1.618808079015242583e+04 1.256844964120366691e-09
1.758773477635573727e+04 1.251718872421982587e-09
1.910840565804464131e+04 1.246602201192337317e-09
2.076055679912006235e+04 1.241494973663495079e-09
2.255555624694620928e+04 1.236397132327641396e-09
2.450575495310013503e+04 1.231308789328609703e-09
2.662457175724491026e+04 1.226229845564045615e-09
2.892658571887847575e+04 1.221160381313781588e-09
3.142763643227177090e+04 1.216100345799531847e-09
3.414493301483740652e+04 1.211049777231900384e-09
3.709717251885158475e+04 1.206008659387692665e-09
4.030466858129208413e+04 1.200976970893441160e-09
4.378949119699860603e+04 1.195954787971445662e-09
4.757561857690249599e+04 1.190942033780839683e-09
5.168910213622336596e+04 1.185938769143168315e-09
5.615824574787642632e+04 1.180944948660527806e-09
6.101380049449060607e+04 1.175960629402160439e-09
6.628917625907642650e+04 1.170985796023671049e-09
7.202067161024796951e+04 1.166020444814753614e-09
7.824772356378418044e+04 1.161064541991607600e-09
8.501317893907539838e+04 1.156118134256194437e-09
9.236358917759318138e+04 1.151181240817519858e-09
1.003495306519590376e+05 1.146253854034018228e-09
1.090259526695761015e+05 1.141335915156632244e-09
1.184525555653567426e+05 1.136427543056583919e-09
1.286942014851050772e+05 1.131528573536358170e-09
1.398213606860555883e+05 1.126639112056707577e-09
1.519105964254558203e+05 1.121759167633370595e-09
1.650450917735856201e+05 1.116888729546018656e-09
1.793152219760930457e+05 1.112027810268737229e-09
1.948191763039246143e+05 1.107176404706033770e-09
2.116636336696491344e+05 1.102334541208744364e-09
2.299644966589303513e+05 1.097502180871547661e-09
2.498476890278312494e+05 1.092679374967689293e-09
2.714500221533374861e+05 1.087866096319231031e-09
2.949201363989378442e+05 1.083062370495843897e-09
3.204195238725601230e+05 1.078268193867713987e-09
3.481236396142113954e+05 1.073483532457313621e-09
3.782231088591414737e+05 1.068708459749970690e-09
4.109250386833939119e+05 1.063942909971367852e-09
4.464544430568775279e+05 1.059186937279670927e-09
4.850557911093821749e+05 1.054440494226725676e-09
5.269946892627832713e+05 1.049703651258613545e-09
5.725597088037861977e+05 1.044976363399896326e-09
6.220643714722668519e+05 1.040258631319039556e-09
6.758493067275841022e+05 1.035550508516892876e-09
7.342845955364621477e+05 1.030851947722809424e-09
7.977723168094786815e+05 1.026162976392605936e-09
8.667493140075817937e+05 1.021483581654679789e-09
9.416902009549513459e+05 1.016813778015056056e-09
1.023110627540476853e+06 1.012153588305172615e-09
1.111570827778363135e+06 1.007502977306912846e-09
1.207679474641167326e+06 1.002861980901027078e-09
1.312097868189441040e+06 9.982305961595933146e-10
1.425544485815502936e+06 9.936088127055100024e-10
1.548799925910386723e+06 9.889966440162144960e-10
1.682712278970208485e+06 9.843940946013408123e-10
1.828202963099153712e+06 9.798011263798731412e-10
1.986273064061769284e+06 9.752177155320362881e-10
2.158010223508954514e+06 9.706439534159197720e-10
2.344596122773748823e+06 9.660798351635462492e-10
2.547314613731201272e+06 9.615253229402653152e-10
2.767560552668676246e+06 9.569804927485071932e-10
3.006849397950327490e+06 9.524452988922402459e-10
3.266827637514973991e+06 9.479197285710978182e-10
3.549284117956342641e+06 9.434038239563473053e-10
3.856162353138340171e+06 9.388975661539446067e-10
4.189573897037996445e+06 9.344009881623343771e-10
4.551812872831207700e+06 9.299140708376350196e-10
4.945371758192417212e+06 9.254368030645642464e-10
5.372958535423105583e+06 9.209692613375271523e-10
5.837515324414709583e+06 9.165113677649871166e-10
6.342238626655086875e+06 9.120631623681100083e-10
6.890601319572349079e+06 9.076246348739070521e-10
7.486376552553916350e+06 9.031957885196037557e-10
8.133663709063231945e+06 8.987766710564736573e-10
8.836916613493546844e+06 8.943672261793918721e-10
9.600974176842644811e+06 8.899674848338414834e-10
1.043109369207431935e+07 8.855774708610972473e-10
1.133298700826371461e+07 8.811971561963525192e-10
1.231285983243170567e+07 8.768265008321749032e-10
1.337745442949530110e+07 8.724655079537673807e-10
1.453409601414107904e+07 8.681142581888644401e-10
1.579074315383342840e+07 8.637727303474871684e-10
1.715604252976809442e+07 8.594409443995365167e-10
1.863938843256785348e+07 8.551188846979018906e-10
2.025098740209518373e+07 8.508065792679631978e-10
2.200192845615375787e+07 8.465040045527818835e-10
2.390425939130378887e+07 8.422111835438033691e-10
2.597106968079953268e+07 8.379281338237118275e-10
2.821658054004906490e+07 8.336548292518413161e-10
3.065624277931403369e+07 8.293912982161953155e-10
3.330684311695160344e+07 8.251375824335405262e-10
3.618661968471170962e+07 8.208935645751553892e-10
3.931538751985492557e+07 8.166593597692437957e-10
4.271467490757084638e+07 8.124349325508512966e-10
4.640787151183604449e+07 8.082203241165020641e-10
5.042038931396268308e+07 8.040154785744313564e-10
5.477983746621917933e+07 7.998204240621351415e-10
5.951621226364439726e+07 7.956350416661284748e-10
6.466210354120738059e+07 7.914595123624630504e-10
7.025291891648031771e+07 7.872937570783490421e-10
7.632712742078202963e+07 7.831378310575005729e-10
8.292652419516253471e+07 7.789917381083817773e-10
9.009651807253117859e+07 7.748554531386513735e-10
9.788644402471481264e+07 7.707290156459041274e-10
1.063499026243165433e+08 7.666124316149995998e-10
1.155451288571263999e+08 7.625056509587697920e-10
1.255353928227984756e+08 7.584087537356649867e-10
1.363894350809091628e+08 7.543216772441009385e-10
1.481819396379123032e+08 7.502444685092178195e-10
1.609940478294970691e+08 7.461771238055499708e-10
1.749139166342433989e+08 7.421196484177231291e-10
1.900373252602045238e+08 7.380720423558681889e-10
2.064683341781769991e+08 7.340342203421449368e-10
2.243200011363151968e+08 7.300062073444606341e-10
2.437151590828064382e+08 7.259881152352073299e-10
2.647872613493050337e+08 7.219799146064046722e-10
2.876812999106182456e+08 7.179816100281030193e-10
3.125548030389804840e+08 7.139932090127344639e-10
3.395789192175092697e+08 7.100147065443698633e-10
3.689395947710016370e+08 7.060461294480102630e-10
4.008388533170555234e+08 7.020874789027537531e-10
4.354961858410973549e+08 6.981387237655556039e-10
4.731500609601055384e+08 6.941999111971821751e-10
5.140595657667528391e+08 6.902710216470519782e-10
5.585061885442380905e+08 6.863520899438154289e-10
6.067957556182223558e+08 6.824430226201394481e-10
6.592605356728764772e+08 6.785438526014128224e-10
7.162615260103085041e+08 6.746546217289304677e-10
7.781909364846017361e+08 6.707753632460564291e-10
8.454748882017513514e+08 6.669060520623434618e-10
9.185763455546343327e+08 6.630467411552207520e-10
9.979983017676130533e+08 6.591973931662453602e-10
1.084287239869705915e+09 6.553580278804044934e-10
1.178036892910490513e+09 6.515286767943435676e-10
1.279892329291789055e+09 6.477092725637944906e-10
1.390554391325356483e+09 6.438998858298467440e-10
1.510784517557187557e+09 6.401005160151311551e-10
1.641409982039638996e+09 6.363110672740852877e-10
1.783329586601607561e+09 6.325315882285177929e-10
1.937519845283759594e+09 6.287621152316571212e-10
2.105041703492488861e+09 6.250026895001718776e-10
2.287047838105423927e+09 6.212532954419301303e-10
2.484790588758677959e+09 6.175139390325683765e-10
2.699630574889221668e+09 6.137846170301260167e-10
2.933046057823956966e+09 6.100653716883147105e-10
3.186643112333867073e+09 6.063561677486049986e-10
3.462166677641160965e+09 6.026570462929649135e-10
3.761512563918716431e+09 5.989679752845506749e-10
4.086740496895505428e+09 5.952888658476335103e-10
4.440088290324963570e+09 5.916198224568423224e-10
4.823987243833293915e+09 5.879608583535588323e-10
5.241078872096748352e+09 5.843120049124510589e-10
5.694233080457187653e+09 5.806732396283809213e-10
6.186567912037764549e+09 5.770445889603454118e-10
6.721471002234128952e+09 5.734260539212040294e-10
7.302622888203815460e+09 5.698176444236129566e-10
7.934022333741023064e+09 5.662193443537405513e-10
8.620013843790922165e+09 5.626311713614993671e-10
9.365317557924190521e+09 5.590530036354206103e-10
1.017506172846120453e+10 5.554849839744125754e-10
1.105481800672048950e+10 5.519271207372416448e-10
1.201063978018671799e+10 5.483794093121611469e-10
1.304910382438745689e+10 5.448418708381274266e-10
1.417735555607487297e+10 5.413144974247876637e-10
1.540315819908815384e+10 5.377973294077342774e-10
1.673494620119574738e+10 5.342903249552892571e-10
1.818188326946450806e+10 5.307934937652083994e-10
1.975392542348374557e+10 5.273067379141041985e-10
2.146188950029771805e+10 5.238301870748350561e-10
2.331752758241178131e+10 5.203638196909378275e-10
2.533360786099434280e+10 5.169077079774173200e-10
2.752400249067283249e+10 5.134618222920488672e-10
2.990378304043227005e+10 5.100261509392781219e-10
3.248932419739031982e+10 5.066007555870117625e-10
3.529841643700841522e+10 5.031855929496303150e-10
3.835038843499699402e+10 4.997805236258914611e-10
4.166624006319869232e+10 4.963857036377898425e-10
4.526878688456340027e+10 4.930011662047579282e-10
4.918281714144904327e+10 4.896269240783086731e-10
5.343526231744641876e+10 4.862629273712116974e-10
5.805538244632102966e+10 4.829092528473980416e-10
6.307496744314039612e+10 4.795658818041227705e-10
6.852855584289301300e+10 4.762327484760746795e-10
7.445367245168872070e+10 4.729098266782902364e-10
8.089108654575956726e+10 4.695972267030236982e-10
8.788509239486309814e+10 4.662949577560187669e-10
9.548381404030622864e+10 4.630030198573106358e-10
1.037395364246858368e+11 4.597214261501502635e-10
1.127090651517737122e+11 4.564502027718222334e-10
1.224541173519634857e+11 4.531892910703708902e-10
1.330417463427299957e+11 4.499386239432826874e-10
1.445448030060822449e+11 4.466983204045841501e-10
1.570424370576432800e+11 4.434684000683089127e-10
1.706206416564565125e+11 4.402488900369840439e-10
1.853728451028522949e+11 4.370397508626219365e-10
2.014005536957015076e+11 4.338410501195399512e-10
2.188140501723941650e+11 4.306526874416409450e-10
2.377331525373504028e+11 4.274746366630322413e-10
2.582880385003602905e+11 4.243070177148385089e-10
2.806201411975232544e+11 4.211498555170042856e-10
3.048831223580194702e+11 4.180031287596810205e-10
3.312439296128296509e+11 4.148668637472996674e-10
3.598839452205025024e+11 4.117410583057516436e-10
3.910002341140480957e+11 4.086255745183431208e-10
4.248068998564784546e+11 4.055205490942621804e-10
4.615365578349897461e+11 4.024260193096972833e-10
5.014419358304624023e+11 3.993420073158713919e-10
5.447976129754357910e+11 3.962684897819304909e-10
5.919019090658630371e+11 3.932054796223519386e-10
6.430789372265660400e+11 3.901528361226609590e-10
6.986808340542661133e+11 3.871107212782038629e-10
7.590901825832664795e+11 3.840791622656016986e-10
8.247226447455979004e+11 3.810581542376520735e-10
8.960298214389886475e+11 3.780477006868161207e-10
9.735023598820267334e+11 3.750477577873818296e-10
1.057673329637506104e+12 3.720582854433306719e-10
1.149121890533535889e+12 3.690793940941589830e-10
1.248477277720454102e+12 3.661111122346808189e-10
1.356423131283814941e+12 3.631534351303427588e-10
1.473702200204365234e+12 3.602063808682316672e-10
1.601121453031874512e+12 3.572697658581478614e-10
1.739557630438087158e+12 3.543437963177309640e-10
1.889963277854564697e+12 3.514284697736857146e-10
2.053373299704477051e+12 3.485237975140299787e-10
2.230912080326518066e+12 3.456297938802528855e-10
2.423801220588132324e+12 3.427463111263427675e-10
2.633367943421901855e+12 3.398734833239080168e-10
2.861054226121500000e+12 3.370113481548913120e-10
3.108426722234239258e+12 3.341599395653495238e-10
3.377187541320500488e+12 3.313192342949880740e-10
3.669185960752701172e+12 3.284890772557483463e-10
3.986431150139988770e+12 3.256696508968685789e-10
4.331105995932261230e+12 3.228609720957577131e-10
4.705582121327136719e+12 3.200630574951574279e-10
5.112436204828432617e+12 3.172758658059080083e-10
5.554467709739811523e+12 3.144992962290603805e-10
6.034718146586162109e+12 3.117335259909131097e-10
6.556492001002629883e+12 3.089785654004248683e-10
7.123379471090849609e+12 3.062344060369958686e-10
7.739281170692944336e+12 3.035009126780445964e-10
8.408434968559945312e+12 3.007782297603778676e-10
9.135445148088777344e+12 2.980663889683825599e-10
9.925314088268648438e+12 2.953654092619518305e-10
1.078347668382576367e+13 2.926751908752933078e-10
1.171583774140266211e+13 2.899957639443961350e-10
1.272881260908681641e+13 2.873272123971439372e-10
1.382937131884941602e+13 2.846695696498462346e-10
1.502508654562835156e+13 2.820227693311928952e-10
1.632418571304985352e+13 2.793867785850500537e-10
1.773560760431517969e+13 2.767617240623290633e-10
1.926906386777895312e+13 2.741476142776472152e-10
2.093510584042273047e+13 2.715443966410259467e-10
2.274519714902060547e+13 2.689520218915255798e-10
2.471179258854746484e+13 2.663706342809869705e-10
2.684842382057291016e+13 2.638002614708993679e-10
2.916979248130999609e+13 2.612407657517788246e-10
3.169187133997397266e+13 2.586922264321566267e-10
3.443201420349487109e+13 2.561547163078351072e-10
3.740907532381286719e+13 2.536282516004525126e-10
4.064353912936835156e+13 2.511126713427338308e-10
4.415766117343640625e+13 2.486081435083089510e-10
4.797562126913914062e+13 2.461147097087020743e-10
5.212368986481711719e+13 2.436323052071897658e-10
5.663040880455053125e+13 2.411608850363977413e-10
6.152678771759820312e+13 2.387005914097597352e-10
6.684651738806077344e+13 2.362514435588871894e-10
7.262620157291620312e+13 2.338132577500246215e-10
7.890560886350568750e+13 2.313862277741848713e-10
8.572794632347103125e+13 2.289703894658851787e-10
9.314015678597782812e+13 2.265656260686156346e-10
1.011932418558519062e+14 2.241719805659730459e-10
1.099426128391333594e+14 2.217895726837885456e-10
1.194484720147007344e+14 2.194183240669322938e-10
1.297762268714080000e+14 2.170582023035732497e-10
1.409969401609959688e+14 2.147093626030705346e-10
1.531878188634832812e+14 2.123717321755717772e-10
1.664327454294842500e+14 2.100452709184297599e-10
1.808228549548110625e+14 2.077301308345178859e-10
1.964571622587453438e+14 2.054262416705432909e-10
2.134432431807598125e+14 2.031335708226420599e-10
2.318979747835236875e+14 2.008522623948616546e-10
2.519483395553423125e+14 1.985822492579619869e-10
2.737322991455644375e+14 1.963235068440634673e-10
2.973997436448990000e+14 1.940761770900074872e-10
3.231135229424198125e+14 1.918401467604415873e-10
3.510505672557675625e+14 1.896154819754782595e-10
3.814031045446461875e+14 1.874022925255001904e-10
4.143799831843278750e+14 1.852003950270349179e-10
4.502081090001819375e+14 1.830099591554770025e-10
4.891340065510806250e+14 1.808310001828357047e-10
5.314255154045145000e+14 1.786634128697214374e-10
5.773736330750500000e+14 1.765073752424645866e-10
6.272945173069696250e+14 1.743627720341666210e-10
6.815316614782703750e+14 1.722296788086804250e-10
7.404582580944725000e+14 1.701081787295537221e-10
8.044797666348500000e+14 1.679981115175239120e-10
8.740367034198032500e+14 1.658997026255803988e-10
9.496076726957713750e+14 1.638127986324169829e-10
1.031712659793833500e+15 1.617375203773775201e-10
1.120916609021429125e+15 1.596739022615988607e-10
1.217833310905737500e+15 1.576218447247545328e-10
1.323129625536021750e+15 1.555815655872788860e-10
1.437530071064543500e+15 1.535528215736085983e-10
1.561821808938531500e+15 1.515358894172899744e-10
1.696860060165312250e+15 1.495306042969163121e-10
1.843573989878604000e+15 1.475371294310752812e-10
2.002973100696234750e+15 1.455554023272358115e-10
2.176154178860413250e+15 1.435854666598576638e-10
2.364308840955240500e+15 1.416273658538557176e-10
2.568731733128602000e+15 1.396810888779675479e-10
2.790829439235148000e+15 1.377467147637114245e-10
3.032130159195426000e+15 1.358242001561014898e-10
3.294294224165174500e+15 1.339136678472100511e-10
3.579125520867382000e+15 1.320150356004945154e-10
3.888583903695031500e+15 1.301284650138127852e-10
4.224798679989177000e+15 1.282538699153632621e-10
4.590083261281257000e+15 1.263913649410068184e-10
4.986951081311253000e+15 1.245409344626291661e-10
5.418132890349674000e+15 1.227026776033317234e-10
5.886595544821365000e+15 1.208766144201009388e-10
6.395562421517991000e+15 1.190627485420191536e-10
6.948535596864075000e+15 1.172612286338453702e-10
7.549319943847470000e+15 1.154720074870112241e-10
8.202049312418314000e+15 1.136952748916898092e-10
8.911214973498143000e+15 1.119309044064324021e-10
9.681696522315120000e+15 1.101791931832722373e-10
1.051879545370375400e+16 1.084401001557363267e-10
1.142827164039226400e+16 1.067137277852268635e-10
1.241638296527639800e+16 1.050003379568298063e-10
1.348992838037881000e+16 1.032997546426887511e-10
1.465629468877280800e+16 1.016123933850896725e-10
1.592350737136529000e+16 9.993818134213006607e-11
1.730028580826477800e+16 9.827725002145813572e-11
1.879610327470119200e+16 9.662968168693339022e-11
2.042125212431206000e+16 9.499505978255768794e-11
2.218691460830725600e+16 9.337269847369874563e-11
2.410523981780088800e+16 9.176078403498463646e-11
2.618942727873172000e+16 9.015488822479470447e-11
2.845381777456841200e+16 8.854601664360571944e-11
3.091399202172827600e+16 8.691814848902390408e-11
3.358687787667098800e+16 8.525632751952320836e-11
3.649086681233298400e+16 8.359020141053234755e-11
3.964594046534871200e+16 8.204946970431116638e-11
4.307380812479722400e+16 8.077888288312566017e-11
4.679805610850522400e+16 7.978712802872586260e-11
5.084431005472223200e+16 7.898499969240659408e-11
5.524041124586147200e+16 7.828840853066689804e-11
6.001660817754544800e+16 7.764738607916402938e-11
6.520576469109597600e+16 7.704513245821892584e-11
7.084358610157745600e+16 7.650380617956176370e-11
7.696886487732504000e+16 7.611011412264558858e-11
8.362374756141838400e+16 7.601791061679211732e-11
9.085402477172291200e+16 7.624654288540561263e-11
9.870944627491371200e+16 7.601538805397858826e-11
1.072440633024396960e+17 7.393210779566578568e-11
1.165166004638064800e+17 7.029268227023333479e-11
1.265908598162325120e+17 6.601394612615568363e-11
1.375361598709786400e+17 6.086575544917736519e-11
1.494278125570469120e+17 5.554770555099664930e-11
1.623476414241190080e+17 4.989258024830459962e-11
1.763845446503617280e+17 4.385702977759346936e-11
1.916351067290183680e+17 3.737796481017266631e-11
2.082042630426517440e+17 3.064738360701185564e-11
2.262060218978130240e+17 2.374757190342781005e-11
2.457642489882696640e+17 1.703762991422220611e-11
2.670135196845179520e+17 1.057855726502880356e-11
2.901000450139411200e+17 5.068296026662158301e-12
3.151826777030808960e+17 1.188234529910692268e-12
3.424340052043433600e+17 7.545566097253653937e-14
3.720415372279897600e+17 3.361927792650421837e-12
4.042089959505285120e+17 1.314922590945507038e-11
4.391577177771171840e+17 3.278588081202920711e-11
4.771281763031576960e+17 6.598488577281515907e-11
5.183816369542145920e+17 1.188382025051749256e-10
5.632019546894039040e+17 1.988302720947769864e-10
6.118975271378707200e+17 3.169782594977057699e-10
6.648034166073278720e+17 4.878370952101195167e-10
7.222836555657377280e+17 7.316021352351978831e-10
7.847337514595659520e+17 1.074876100483507450e-09
8.525834081036560640e+17 1.554012811433110056e-09
9.262994823679370240e+17 2.218804437930587832e-09
1.006389196505205504e+18 3.135448237275654990e-09
1.093403628223220224e+18 4.393857227080000976e-09
1.187941502515441664e+18 6.114366210422378399e-09
1.290653311341085952e+18 8.454661817078568147e-09
1.402245789500938240e+18 1.163504913910289259e-08
1.523486777506488320e+18 1.594322725914492805e-08
1.655210504902394368e+18 2.176843562219131030e-08
1.798323330395672576e+18 2.961650257948002801e-08
1.953809978287980032e+18 4.018420165303668587e-08
2.122740314122359040e+18 5.437475228831278594e-08
2.306276706166012416e+18 7.341602078900808697e-08
2.505682023381669376e+18 9.890449984969993009e-08
2.722328324919618560e+18 1.329740946270068552e-07
2.957706300920685568e+18 1.784297830150839336e-07
3.213435529590023680e+18 2.390036751894099073e-07
3.491275621117980672e+18 3.195654915718725978e-07
3.793138325127013888e+18 4.265528345096319060e-07
4.121100684952527360e+18 5.683667400487154916e-07
4.477419329269383680e+18 7.560640657617670479e-07
4.864545999401136128e+18 1.003963676068310658e-06
5.285144419151602688e+18 1.330780620739892208e-06
5.742108623235976192e+18 1.760748975247368377e-06
6.238582870424902656e+18 2.325215720406834210e-06
6.777983278419003392e+18 3.064561494893271768e-06
7.364021329318117376e+18 4.030645826468829352e-06
8.000729407420689408e+18 5.289692248060890005e-06
8.692488545072280576e+18 6.925948005717584726e-06
9.444058567476535296e+18 9.046134794145520571e-06
1.026061084388639744e+19 1.178443081011309748e-05
1.114776387052946227e+19 1.530888922469860139e-05
1.211162193010444902e+19 1.982794025002357000e-05
1.315881709385542451e+19 2.559883434874326389e-05
1.429655485522973901e+19 3.293527542998540098e-05
1.553266370911369011e+19 4.221702565278456288e-05
1.687564901778852045e+19 5.389773150942113428e-05
1.833475153424532890e+19 6.851211380919363389e-05
1.992001098554261094e+19 8.668063925982646023e-05
2.164233515371012506e+19 1.091097206075783302e-04
2.351357492952498586e+19 1.365849427678349421e-04
2.554660585558877798e+19 1.699538221835186454e-04
2.775541671978277274e+19 2.100973814426730386e-04
3.015520580869126963e+19 2.578807350072123651e-04
3.276248548328928051e+19 3.140870902352362786e-04
3.559519579645426893e+19 3.793264519801728320e-04
3.867282793407619891e+19 4.539066439298899470e-04
4.201655832913394893e+19 5.377137548888749272e-04
4.564939437154458010e+19 6.300274183778799926e-04
4.959633271637700608e+19 7.293674315613437069e-04
5.388453127971561472e+19 8.333264438000292885e-04
5.854349610562806579e+19 9.384574453233577966e-04
6.360528439002831258e+19 1.040217495074926548e-03
6.910472505839045018e+19 1.133024945342934629e-03
7.507965841505471693e+19 1.210466348592396371e-03
8.157119651309395968e+19 1.265683531797254105e-03
8.862400603628188467e+19 1.291969719528855785e-03
9.628661563960455987e+19 1.283582929487455662e-03
1.046117498630507069e+20 1.236723648472897678e-03
1.136566919162550518e+20 1.150594906651098825e-03
1.234836778302391255e+20 1.028336321269123855e-03
1.341603246882949857e+20 8.775425730515039628e-04
1.457600958825756262e+20 7.100002048896878089e-04
1.583628065977040568e+20 5.403203783298647818e-04
1.720551729995107205e+20 3.834642575066735093e-04
1.869314089077324186e+20 2.516353832916651701e-04
