5.000000520815963551e-02 2.150888511834407822e-09
5.432200825484663487e-02 2.144312708746715376e-09
5.901760546933027679e-02 2.137746009840081788e-09
6.411909035087566544e-02 2.131188315565945394e-09
6.966154785050125697e-02 2.124639792018712687e-09
7.568309566421355106e-02 2.118100382731725502e-09
8.222514638364135375e-02 2.111570179933184439e-09
8.933269230698431818e-02 2.105049062606139469e-09
9.705461486903493862e-02 2.098537328758645474e-09
1.054440208183476668e-01 2.092034765188499046e-09
1.145586074535797222e-01 2.085541578641779178e-09
1.244610594308804968e-01 2.079057570568662874e-09
1.352194798713322321e-01 2.072582844165790885e-09
1.469078587333399188e-01 2.066117224450505822e-09
1.596065816711555174e-01 2.059660802585658385e-09
1.734029828791589511e-01 2.053213485642930577e-09
1.883919457240274264e-01 2.046775443638067505e-09
2.046765552955812362e-01 2.040346496444491948e-09
2.223688073641578167e-01 2.033926658724183337e-09
2.415903786202983905e-01 2.027516063741710834e-09
2.624734634939934197e-01 2.021114660673222799e-09
2.851616833086266234e-01 2.014722487171156017e-09
3.098110740222328463e-01 2.008339561616264408e-09
3.365911593491627829e-01 2.001965849359524997e-09
3.656861166424389409e-01 1.995601297822425134e-09
3.972960435550431102e-01 1.989245984047150111e-09
4.316383341914721283e-01 1.982899881751517859e-09
4.689491742139046404e-01 1.976562932742985991e-09
5.094851651854231944e-01 1.970235324162903736e-09
5.535250893215486467e-01 1.963916833601379075e-09
6.013718267869883061e-01 1.957607680867349154e-09
6.533544387236148721e-01 1.951307669819108957e-09
7.098304303354940892e-01 1.945016882647045508e-09
7.711882095950948202e-01 1.938735309811451067e-09
8.378497584801964937e-01 1.932463019811519427e-09
9.102735351126521879e-01 1.926199868045419638e-09
9.889576267581745572e-01 1.919946049711388573e-09
1.074443175371589954e+00 1.913701449390956599e-09
1.167318099246402507e+00 1.907466050382205639e-09
1.268221136363936630e+00 1.901239924082343116e-09
1.377846237249791050e+00 1.895023004178189427e-09
1.496947337549036527e+00 1.888815413022293919e-09
1.626343543143053072e+00 1.882616932045823242e-09
1.766924763468143533e+00 1.876427667645650482e-09
1.919657831778500023e+00 1.870247612549521745e-09
2.085593154445011699e+00 1.864076824287132708e-09
2.265871935019815098e+00 1.857915247699436664e-09
2.461734022749358708e+00 1.851762988685878329e-09
2.674526439513336573e+00 1.845619953569675669e-09
2.905712643832673248e+00 1.839486232169941641e-09
3.156882595658843993e+00 1.833361716875198859e-09
3.429763691164089856e+00 1.827246518757320858e-09
3.726232642735490153e+00 1.821140509797983032e-09
4.048328385876316382e+00 1.815043851249497630e-09
4.398266101780621717e+00 1.808956444154945990e-09
4.778452452019918084e+00 1.802878266676399496e-09
5.191502130116923297e+00 1.796809428248831622e-09
5.640255843838254179e+00 1.790749824688550566e-09
6.127799851877371751e+00 1.784699571319651686e-09
6.657487189289487794e+00 1.778658522140584153e-09
7.232960727654106137e+00 1.772626788888246384e-09
7.858178228559220990e+00 1.766604363184509974e-09
8.537439562710035901e+00 1.760591181312001614e-09
9.275416281858806400e+00 1.754587330367992320e-09
1.007718374693382124e+01 1.748592734804385785e-09
1.094825603332559893e+01 1.742607502992251288e-09
1.189462385338776329e+01 1.736631513834883905e-09
1.292279575696084315e+01 1.730664854102456215e-09
1.403984289327161150e+01 1.724707471519300449e-09
1.525344764205320836e+01 1.718759391869865287e-09
1.657195644834180470e+01 1.712820644866472746e-09
1.800443722431597493e+01 1.706891222117609192e-09
1.956074171295390940e+01 1.700971072473938786e-09
2.125157324240837298e+01 1.695060279208719381e-09
2.308856033707353816e+01 1.689158751067412062e-09
2.508433669159608215e+01 1.683266573639813631e-09
2.725262805784393194e+01 1.677383702337842980e-09
2.960834664238933200e+01 1.671510176580639585e-09
3.216769366371502059e+01 1.665645941832621998e-09
3.494827077447062180e+01 1.659791067806695992e-09
3.796920111507493800e+01 1.653945413506915428e-09
4.125126083119764075e+01 1.648109079603439114e-09
4.481702195961888435e+01 1.642282106403090854e-09
4.869100766515035872e+01 1.636464465083297180e-09
5.289986089624358812e+01 1.630656190447267949e-09
5.747252761919766328e+01 1.624857201629480923e-09
6.244045589114185901e+01 1.619067641553839658e-09
6.783781214089684397e+01 1.613287394982207548e-09
7.370171614516456771e+01 1.607516534853332005e-09
8.007249631607295726e+01 1.601754949725026451e-09
8.699396705578853073e+01 1.596002748915226367e-09
9.451373008567607314e+01 1.590259961006421009e-09
1.026835018223673615e+02 1.584526498057731974e-09
1.115594690522335668e+02 1.578802407719048582e-09
1.212026753503772198e+02 1.573087679987982511e-09
1.316794409017025771e+02 1.567382309675211432e-09
1.430618186113418346e+02 1.561686330027439235e-09
1.554280896412876984e+02 1.555999733602974831e-09
1.688633017812405512e+02 1.550322478683266772e-09
1.834598543562600810e+02 1.544654600697412574e-09
1.993181336938613413e+02 1.538996092429707510e-09
2.165472035209228068e+02 1.533347004823637525e-09
2.352655550385392189e+02 1.527707328388086156e-09
2.556019218333799472e+02 1.522077002993851658e-09
2.776961652300309993e+02 1.516456054401196569e-09
3.017002361732402846e+02 1.510844520477580585e-09
3.277792202553088714e+02 1.505242375490723448e-09
3.561124730757089196e+02 1.499649666720731864e-09
3.868948537412471751e+02 1.494066316525345881e-09
4.203380649900395269e+02 1.488492394753002953e-09
4.566721091558781609e+02 1.482927864436875982e-09
4.961468699862349467e+02 1.477372771779901569e-09
5.390338311926858523e+02 1.471827074723719785e-09
5.856279435529377224e+02 1.466290769942228287e-09
6.362496534052359038e+02 1.460763906706444397e-09
6.912471064859440730e+02 1.455246480397029064e-09
7.509985422669606123e+02 1.449738456467134729e-09
8.159148952597723792e+02 1.444239870765828635e-09
8.864426211763786796e+02 1.438750688190476848e-09
9.630667673837139091e+02 1.433270947527177729e-09
1.046314308768292904e+03 1.427800663705785910e-09
1.136757771953186648e+03 1.422339797724871582e-09
1.235019172792501877e+03 1.416888351351908782e-09
1.341774294223069319e+03 1.411446423269657706e-09
1.457757333893871419e+03 1.406013840898119757e-09
1.583765953536804773e+03 1.400590790346079777e-09
1.720666764805284174e+03 1.395177144418932435e-09
1.869401289309048252e+03 1.389772950424359328e-09
2.030992433834686153e+03 1.384378233174513745e-09
2.206551525284526633e+03 1.378992951149432520e-09
2.397285953716047516e+03 1.373617181561292559e-09
2.604507476046007469e+03 1.368250851585177253e-09
2.829641237527155681e+03 1.362893961159683537e-09
3.074235573041894895e+03 1.357546582207939232e-09
3.339972655620286332e+03 1.352208666146631536e-09
3.628680065416445359e+03 1.346880232390106323e-09
3.942343358707914376e+03 1.341561260147142502e-09
4.283119723359999625e+03 1.336251765255603893e-09
4.653352814669083273e+03 1.330951797890713007e-09
5.055588873617069112e+03 1.325661268623900701e-09
5.492594238388594931e+03 1.320380256237129611e-09
5.967374369584603301e+03 1.315108728329806692e-09
6.483194519976450465e+03 1.309846711845253630e-09
7.043602190954656180e+03 1.304594202858377030e-09
7.652451530114113666e+03 1.299351170761074102e-09
8.313929837767964273e+03 1.294117650448548561e-09
9.032586364685912486e+03 1.288893620423219804e-09
9.813363599110387440e+03 1.283679100457223442e-09
1.066163125822414986e+04 1.278474116551111155e-09
1.158322321784215819e+04 1.273278669928156512e-09
1.258447763430769555e+04 1.268092721464606231e-09
1.367228053452749555e+04 1.262916292784042444e-09
1.485411317393178615e+04 1.257749403050953884e-09
1.613810348805859758e+04 1.252592049209749430e-09
1.753308199161594166e+04 1.247444224354262994e-09
1.904864250946187167e+04 1.242305958667507385e-09
2.069520815717325968e+04 1.237177223068679894e-09
2.248410302497871453e+04 1.232058031024104912e-09
2.442763005805439388e+04 1.226948380739725503e-09
2.653915566879624021e+04 1.221848281160073106e-09
2.883320166298179538e+04 1.216757774642145287e-09
3.132554511203432048e+04 1.211676772067846047e-09
3.403332685825001681e+04 1.206605368405931024e-09
3.697516939922326856e+04 1.201543497048916168e-09
4.017130496220781788e+04 1.196491242216298943e-09
4.364371464923166059e+04 1.191448513635273335e-09
4.741627960992352018e+04 1.186415376224957188e-09
5.151494528172648279e+04 1.181391819350201893e-09
5.596789982704327122e+04 1.176377813016847004e-09
6.080576799449845566e+04 1.171373415493578332e-09
6.606182173757845885e+04 1.166378630605643194e-09
7.177220903915647068e+04 1.161393429393341226e-09
7.797620251562238263e+04 1.156417794320577444e-09
8.471646951036674727e+04 1.151451757273503691e-09
9.203936553415798699e+04 1.146495357590973706e-09
9.999525307052257995e+04 1.141548519734077642e-09
1.086388479386789113e+05 1.136611325610115883e-09
1.180295955960994324e+05 1.131683710421073963e-09
1.282320799686874088e+05 1.126765730505209691e-09
1.393164676202558330e+05 1.121857366756359666e-09
1.513589903160366230e+05 1.116958618784583917e-09
1.644424692990070034e+05 1.112069485995792641e-09
1.786568848846890032e+05 1.107190007051671894e-09
1.940999952917501214e+05 1.102320121929164574e-09
2.108780089643558313e+05 1.097459870165289807e-09
2.291063150101020874e+05 1.092609274131554025e-09
2.489102767770361679e+05 1.087768351043908705e-09
2.704260940275206231e+05 1.082936997166330540e-09
2.938017396384510794e+05 1.078115338400654473e-09
3.191979772698845482e+05 1.073303340273726261e-09
3.467894670010017580e+05 1.068500965699365945e-09
3.767659665372998570e+05 1.063708284624188430e-09
4.093336362501912517e+05 1.058925272297821099e-09
4.447164570242988411e+05 1.054151904168410961e-09
4.831577706635465147e+05 1.049388215723592001e-09
5.249219534500220325e+05 1.044634230278143373e-09
5.702962343653700082e+05 1.039889859354566696e-09
6.195926704793212702e+05 1.035155242123949243e-09
6.731502930909184506e+05 1.030430275018503630e-09
7.313374393823037390e+05 1.025715005916099458e-09
7.945542856207673904e+05 1.021009422940761364e-09
8.632355993309244514e+05 1.016313538411994821e-09
9.378537293648009654e+05 1.011627377472347457e-09
1.018921854433715460e+06 1.006950905661456136e-09
1.106997512443441665e+06 1.002284156501526556e-09
1.202686434905288275e+06 9.976271104482139631e-10
1.306646712793850107e+06 9.929797654527280522e-10
1.419593322501739953e+06 9.883421776727045094e-10
1.542303043018085184e+06 9.837142981504876709e-10
1.675619798148163129e+06 9.790961447720781903e-10
1.820460460514802719e+06 9.744877188633322320e-10
1.977821157257975079e+06 9.698890424236992810e-10
2.148784120799347758e+06 9.653000909265634203e-10
2.334525131787315942e+06 9.607209267979616950e-10
2.536321605410594959e+06 9.561514777095505612e-10
2.755561376693135127e+06 9.515917940404397310e-10
2.993752245190423913e+06 9.470418627288527961e-10
3.252532344729845412e+06 9.425017059856839771e-10
3.533681409511871170e+06 9.379713015288252133e-10
3.839133014053680934e+06 9.334506964959292666e-10
4.170987871154154651e+06 9.289398136894076989e-10
4.531528279335572384e+06 9.244387364316026386e-10
4.923233819122998044e+06 9.199474598689446775e-10
5.348798406110887416e+06 9.154659480995907945e-10
5.811148818097488023e+06 9.109942278974851389e-10
6.313464823706029914e+06 9.065323212147380629e-10
6.859201050924578682e+06 9.020801800075590109e-10
7.452110745963909663e+06 8.976378841973656640e-10
8.096271585832162760e+06 8.932053635695357744e-10
8.796113722149815410e+06 8.887826785276578544e-10
9.556450249073438346e+06 8.843698281175545622e-10
1.038251030486855283e+07 8.799667517148449922e-10
1.127997503478378803e+07 8.755735239810475853e-10
1.225501666255812161e+07 8.711901205113454610e-10
1.331434093927105144e+07 8.668165411765811908e-10
1.446523326147362031e+07 8.624527615400130651e-10
1.571560877577299997e+07 8.580987960900637528e-10
1.707406681446031854e+07 8.537547030444063181e-10
1.854995003655631840e+07 8.494204423053982186e-10
2.015340868101271614e+07 8.450960525026206639e-10
2.189547037396332249e+07 8.407815248352778751e-10
2.378811597011761367e+07 8.364768750935322348e-10
2.584436194988821447e+07 8.321820672040779682e-10
2.807834993893087655e+07 8.278971460189957366e-10
3.050544396575709060e+07 8.236221088025312478e-10
3.314233612630083412e+07 8.193569607238758398e-10
3.600716138213544339e+07 8.151016945683473885e-10
3.911962228185439110e+07 8.108563424817019608e-10
4.250112446337456256e+07 8.066208577990847244e-10
4.617492386906647682e+07 8.023952880106243693e-10
5.016628668616631627e+07 7.981796350905863643e-10
5.450266311244721711e+07 7.939738782088297351e-10
5.921387614220330119e+07 7.897780537290779929e-10
6.433232667090416700e+07 7.855921497774565028e-10
6.989321632910612226e+07 7.814161737180654689e-10
7.593478957813960314e+07 7.772501418351791664e-10
8.249859673255763948e+07 7.730940054695600553e-10
8.962977971826122701e+07 7.689478654336245366e-10
9.737738253157041967e+07 7.648116640586491710e-10
1.057946885343936235e+08 7.606853896754320347e-10
1.149395869052109122e+08 7.565690234269493921e-10
1.248749707660949975e+08 7.524625663614498036e-10
1.356691697238571048e+08 7.483661101433570304e-10
1.473964198000694811e+08 7.442796142450549813e-10
1.601373739818642139e+08 7.402030968146757783e-10
1.739796569047686458e+08 7.361365677816238400e-10
1.890184674823576212e+08 7.320800104173737912e-10
2.053572336272368133e+08 7.280334638248865896e-10
2.231083235661493540e+08 7.239969152392086296e-10
2.423938186411932409e+08 7.199703513332646568e-10
2.633463529120171964e+08 7.159538174756897727e-10
2.861100253332723379e+08 7.119473200547316057e-10
3.108413907807364464e+08 7.079507843581432093e-10
3.377105367417759299e+08 7.039642960210041479e-10
3.669022530749988556e+08 6.999878705852887056e-10
3.986173028839876056e+08 6.960214381476378394e-10
4.330738032454237342e+08 6.920650741710068810e-10
4.705087252874220014e+08 6.881187395774055943e-10
5.111795239347230792e+08 6.841824445185513560e-10
5.553659085291261673e+08 6.802561146830034496e-10
6.033717665024625063e+08 6.763398670599874174e-10
6.555272533319520950e+08 6.724336667114535548e-10
7.121910631514102221e+08 6.685375547195725534e-10
7.737528956342034340e+08 6.646515181278444190e-10
8.406361361137102842e+08 6.607755529510807745e-10
9.133007673735035658e+08 6.569096939578862712e-10
9.922465331328581572e+08 6.530539524593821361e-10
1.078016374984094620e+09 6.492082997753718158e-10
1.171200166418968678e+09 6.453727347004223745e-10
1.272438769624490023e+09 6.415472988139874968e-10
1.382428442948409319e+09 6.377319754685163790e-10
1.501925629346197367e+09 6.339268093306545043e-10
1.631752158741683483e+09 6.301317348589501436e-10
1.772800900079989910e+09 6.263468014720210739e-10
1.926041901944222450e+09 6.225719052590410791e-10
2.092529063967375517e+09 6.188071501931076691e-10
2.273407384921474934e+09 6.150525829266619696e-10
2.469920837331834793e+09 6.113081365671395753e-10
2.683420922773463249e+09 6.075739022725882645e-10
2.915375966687697887e+09 6.038498174706929930e-10
3.167381216643273354e+09 6.001359156148442368e-10
3.441169813491594791e+09 5.964322102659243998e-10
3.738624710869305134e+09 5.927386973478550164e-10
4.061791625023138523e+09 5.890553672941320362e-10
4.412893104018444061e+09 5.853822568387251158e-10
4.794343813090758324e+09 5.817193487037766846e-10
5.208767141263968468e+09 5.780666088947273094e-10
5.659013243445396423e+09 5.744240101518031974e-10
6.148178642080632210e+09 5.707916512716977124e-10
6.679627523176191330e+09 5.671695402794150296e-10
7.257014873151721954e+09 5.635576610155178346e-10
7.884311615642786980e+09 5.599560437220455120e-10
8.565831921130216599e+09 5.563646866692861630e-10
9.306262877215202332e+09 5.527835737945500345e-10
1.011069672359469414e+10 5.492127507502867885e-10
1.098466587342937279e+10 5.456521979437849734e-10
1.193418096196086502e+10 5.421019288025033808e-10
1.296577218405321312e+10 5.385619180471069357e-10
1.408653420495362091e+10 5.350320880726508367e-10
1.530417495314162064e+10 5.315125764804260821e-10
1.662706863083498001e+10 5.280033869401792378e-10
1.806431330672584534e+10 5.245045093338046876e-10
1.962579348703664780e+10 5.210159555059875169e-10
2.132224809522097397e+10 5.175377309782771184e-10
2.316534432783341980e+10 5.140698529858523689e-10
2.516775789450452805e+10 5.106123257438767776e-10
2.734326019386386490e+10 5.071651301782322300e-10
2.970681302495336914e+10 5.037282471133438074e-10
3.227467148550123978e+10 5.003016641613441098e-10
3.506449576472742462e+10 4.968854572192620418e-10
3.809547259952512360e+10 4.934796201166444592e-10
4.138844722932080078e+10 4.900841817868387868e-10
4.496606675711991882e+10 4.866991348219860357e-10
4.885293590268730927e+10 4.833245008205338329e-10
5.307578621904215240e+10 4.799602718654005678e-10
5.766365993603476715e+10 4.766064601114628149e-10
6.264810969537190247e+10 4.732630178947531576e-10
6.806341555074768829e+10 4.699299247924000274e-10
7.394682072547854614e+10 4.666072706970943048e-10
8.033878774903761292e+10 4.632950769998161725e-10
8.728327673404713440e+10 4.599933579181923213e-10
9.482804770754727173e+10 4.567020774763199234e-10
1.030249890757957153e+11 4.534212872631947535e-10
1.119304744815812073e+11 4.501509784319013710e-10
1.216057505083039398e+11 4.468910954721605481e-10
1.321173578972123871e+11 4.436416206478905691e-10
1.435375891746844788e+11 4.404026602165752293e-10
1.559449858368323669e+11 4.371742034998446461e-10
1.694248785107708130e+11 4.339562800190909582e-10
1.840699738074527893e+11 4.307488738304751705e-10
1.999809919020986023e+11 4.275520225739112767e-10
2.172673592271026611e+11 4.243657133965136837e-10
2.360479610413588562e+11 4.211898198797987092e-10
2.564519590517135620e+11 4.180244841844236381e-10
2.786196797096602173e+11 4.148697084199067065e-10
3.027035792924454346e+11 4.117255138702491904e-10
3.288692924058415527e+11 4.085919128582313700e-10
3.572967711195416870e+11 4.054689217555492408e-10
3.881815225694893188e+11 4.023565222943140052e-10
4.217359535386114502e+11 3.992545990389265152e-10
4.581908312631817627e+11 3.961632957315221903e-10
4.977968705113588867e+11 3.930826219373746496e-10
5.408264578488869019e+11 3.900125904653818825e-10
5.875755249503916016e+11 3.869532253328934990e-10
6.383655838398233643e+11 3.839044883164074343e-10
6.935459380571787109e+11 3.808663745240352415e-10
7.534960849585908203e+11 3.778388513683566581e-10
8.186283256713608398e+11 3.748220150559122761e-10
8.893906006536547852e+11 3.718158820115580940e-10
9.662695703600937500e+11 3.688204383895033045e-10
1.049793962200272217e+12 3.658357271700242564e-10
1.140538206808526367e+12 3.628616848770709682e-10
1.239126388633054932e+12 3.598982599608928875e-10
1.346236538014161377e+12 3.569456031744933049e-10
1.462605294269992188e+12 3.540036817419277768e-10
1.589032971859591309e+12 3.510725382176287510e-10
1.726389064465407959e+12 3.481521715706141835e-10
1.875618224848955322e+12 3.452424814946027396e-10
2.037746761605507324e+12 3.423435115359924040e-10
2.213889697498600098e+12 3.394553670056413242e-10
2.405258437917380371e+12 3.365780296378905743e-10
2.613169102195713867e+12 3.337115187960540010e-10
2.839051575091040039e+12 3.308558020086655718e-10
3.084459340673484863e+12 3.280108007081175630e-10
3.351080166256869629e+12 3.251766666177844253e-10
3.640747709849251953e+12 3.223533980015843487e-10
3.955454130952171875e+12 3.195410092832583040e-10
4.297363791437891602e+12 3.167394822388862790e-10
4.668828140731320312e+12 3.139487146364267725e-10
5.072401887667768555e+12 3.111688432682984171e-10
5.510860570246912109e+12 3.083999010309460711e-10
5.987219644117321289e+12 3.056419099294871128e-10
6.504755221070352539e+12 3.028947860111071072e-10
7.067026600170758789e+12 3.001585017967015996e-10
7.677900746479283203e+12 2.974331943161105311e-10
8.341578885717330078e+12 2.947188519447514445e-10
9.062625397775796875e+12 2.920155140557940289e-10
9.845999207780482422e+12 2.893230437985683006e-10
1.069708789060247461e+13 2.866415428611206376e-10
1.162174472336452344e+13 2.839710458115790606e-10
1.262632894076783008e+13 2.813116130246158639e-10
1.371774947009140625e+13 2.786631630281838989e-10
1.490351244664697656e+13 2.760256443302697682e-10
1.619177283647258594e+13 2.733992023120038922e-10
1.759139052129391406e+13 2.707838485208701185e-10
1.911199123147316016e+13 2.681795736691579192e-10
2.076403274600489844e+13 2.655862414742858781e-10
2.255887681484305469e+13 2.630040386287625124e-10
2.450886729819750000e+13 2.604329708334370912e-10
2.662741506019595312e+13 2.578730389255388687e-10
2.892909020075746094e+13 2.553240978412861972e-10
3.142972225999479297e+13 2.527863338658223902e-10
3.414650908429009766e+13 2.502597579117992818e-10
3.709813510275986719e+13 2.477443378805555063e-10
4.030489982754355469e+13 2.452399792652240302e-10
4.378885746166457031e+13 2.427468750995409512e-10
4.757396857460047656e+13 2.402649992746792322e-10
5.168626488869889062e+13 2.377942679222508340e-10
5.615402830973897656e+13 2.353347288046562701e-10
6.100798543290413281e+13 2.328864718202393732e-10
6.628151886186076562e+13 2.304495318764927622e-10
7.201089679427059375e+13 2.280236942460005201e-10
7.823552245268375000e+13 2.256091837938393760e-10
8.499820507625415625e+13 2.232060163878092045e-10
9.234545433699118750e+13 2.208141039741116010e-10
1.003278002053680312e+14 2.184334824137252101e-10
1.090001404651290938e+14 2.160642409116625781e-10
1.184221182672978438e+14 2.137063490990585073e-10
1.286585323199681250e+14 2.113597313729966898e-10
1.397797825349268750e+14 2.090245528566282778e-10
1.518623541959917188e+14 2.067007995009338550e-10
1.649893439788853438e+14 2.043883344702087117e-10
1.792510314402944375e+14 2.020873555524140656e-10
1.947454999064760312e+14 1.997978648557562960e-10
2.115793110315000625e+14 1.975196895873820918e-10
2.298682376643487812e+14 1.952530551034122433e-10
2.497380600650825000e+14 1.929979524776163729e-10
2.713254309459729062e+14 1.907542253423070766e-10
2.947788152868356250e+14 1.885220908591895975e-10
3.202595113880548750e+14 1.863015056432562556e-10
3.479427601834727500e+14 1.840923797882234731e-10
3.780189504423540000e+14 1.818949002038320786e-10
4.106949281490655625e+14 1.797089709056781194e-10
4.461954190656045000e+14 1.775346043873245058e-10
4.847645742605029375e+14 1.753719336059744566e-10
5.266676492333415000e+14 1.732208130137275225e-10
5.721928281828557500e+14 1.710813776083682624e-10
6.216532059648777500e+14 1.689536582024118202e-10
6.753889413708483750e+14 1.668375348638206817e-10
7.337695965358066250e+14 1.647332090899458819e-10
7.971966785649173750e+14 1.626405545949275188e-10
8.661064008583912500e+14 1.605596575156817792e-10
9.409726831253783750e+14 1.584905929926050958e-10
1.022310410719319875e+15 1.564332219725238341e-10
1.110678975710347875e+15 1.543877611260358195e-10
1.206686124048158750e+15 1.523540421374749521e-10
1.310992135273939000e+15 1.503322526873117321e-10
1.424314363526662000e+15 1.483223108604046194e-10
1.547432171074371000e+15 1.463242604629801188e-10
1.681192288299982250e+15 1.443382007492143524e-10
1.826514637004720250e+15 1.423640023529149120e-10
1.984398657078081750e+15 1.404018945577669782e-10
2.155930180045464000e+15 1.384516807170022080e-10
2.342288896765775000e+15 1.365136208204286713e-10
2.544756470636953000e+15 1.345875043332336947e-10
2.764725352107669500e+15 1.326735989603007677e-10
3.003708355115693000e+15 1.307717259211608010e-10
3.263349061314061000e+15 1.288821386322128287e-10
3.545433123639351500e+15 1.270046530333913606e-10
3.851900546960598000e+15 1.251394944185179753e-10
4.184859030268579000e+15 1.232865360622349872e-10
4.546598462164156000e+15 1.214460239740015682e-10
4.939606669337867000e+15 1.196177965150494275e-10
5.366586526348580000e+15 1.178020952435722209e-10
5.830474544372262000e+15 1.159988071094207339e-10
6.334461066763604000e+15 1.142081939886286740e-10
6.882012210322353000e+15 1.124301265188754975e-10
7.476893703164578000e+15 1.106648412685220509e-10
8.123196783140266000e+15 1.089124203174177029e-10
8.825366334911417000e+15 1.071728279500015791e-10
9.588231459201314000e+15 1.054464210314028944e-10
1.041703868445027800e+16 1.037329871142668063e-10
1.131748804928965800e+16 1.020329821293757375e-10
1.229577230398587400e+16 1.003463288976295637e-10
1.335861950046020000e+16 9.867307813897842740e-11
1.451333926379139600e+16 9.701328265297239871e-11
1.576787306342926400e+16 9.536630054708796355e-11
1.713084882985573800e+16 9.373118182891173258e-11
1.861164029231112400e+16 9.210523506931738775e-11
2.022043144567845200e+16 9.048229372891201408e-11
2.196828658988733600e+16 8.885068755406389950e-11
2.386722642352734000e+16 8.719218345285152758e-11
2.593031071499908400e+16 8.550199934227998253e-11
2.817172811976112400e+16 8.384833967758704489e-11
3.060689376138754400e+16 8.239005097792980957e-11
3.325255524753372000e+16 8.122704084313265899e-11
3.612690784993121600e+16 8.031229531851907012e-11
3.924971964054501600e+16 7.954780867291873132e-11
4.264246744450634400e+16 7.885410847859091893e-11
4.632848454482740000e+16 7.816933331294750874e-11
5.033312115471419200e+16 7.741997439520027224e-11
5.468391876111984000e+16 7.641759142042049644e-11
5.941079953856000800e+16 7.456756953682473995e-11
6.454627213586788800e+16 7.010581619017349426e-11
7.012565525117204000e+16 5.839397572919131599e-11
7.618732053269910400e+16 3.440767561160851352e-11
8.277295647594352000e+16 8.551430682008223147e-12
8.992785513211246400e+16 5.751590885092683745e-16
9.770122359967358400e+16 4.407184574274793656e-12
1.061465224412415200e+17 1.362930989554909113e-11
1.153218333532369440e+17 2.714390524250751765e-11
1.252902586169389280e+17 4.653415762665927094e-11
1.361203550780932640e+17 7.475087349108808910e-11
1.478866056397552000e+17 1.208307346729143315e-10
1.606699315109883200e+17 1.777962930695448950e-10
1.745582487343658880e+17 2.677519187830170923e-10
1.896470728197521920e+17 3.859774365161307567e-10
2.060401756426383360e+17 5.578230939361913215e-10
2.238502991248263680e+17 7.972405228475823589e-10
2.431999306056939840e+17 1.133780930094635867e-09
2.642221452365895680e+17 1.600576930405185367e-09
2.870615211918628800e+17 2.254812994570478398e-09
3.118751339907533440e+17 3.203016056137962990e-09
3.388336367685502080e+17 4.421770556968268217e-09
3.681224339264085120e+17 6.086972838557998328e-09
3.999429562315552640e+17 8.350836312374134487e-09
4.345140461371978880e+17 1.143455474634740931e-08
4.720734628495527680e+17 1.561934248988268189e-08
5.128795174929831680e+17 2.131014997310682808e-08
5.572128496188403840e+17 2.896380639866154730e-08
6.053783572758805760e+17 3.938411983066743563e-08
6.577072939160290560e+17 5.344326666501063877e-08
7.145595465567811840e+17 7.243845278127779447e-08
7.763261108681359360e+17 9.803743517780350105e-08
8.434317802060871680e+17 1.325555684931047902e-07
9.163380670864067840e+17 1.790198004722403367e-07
9.955463771906672640e+17 2.415075211288002573e-07
1.081601457733616768e+18 3.254932065737304293e-07
1.175095143907537152e+18 4.382447973901043285e-07
1.276670429169435904e+18 5.894884175251132530e-07
1.387025887364175616e+18 7.921885044372759164e-07
1.506920477096001024e+18 1.063421217153635309e-06
1.637178761390355200e+18 1.426200353668809283e-06
1.778696578543422976e+18 1.910580980939457378e-06
1.932447203160188416e+18 2.557145928393441084e-06
2.099488039753093376e+18 3.418634056496338917e-06
2.280967894935479808e+18 4.565066117501144864e-06
2.478134878224076288e+18 6.089261944941727311e-06
2.692344985786973184e+18 8.112117782480062842e-06
2.925071426171508736e+18 1.079351313372090315e-05
3.177914752148362240e+18 1.434139482240424614e-05
3.452613868352748544e+18 1.902917201860633307e-05
3.751057990426960896e+18 2.521149636850001996e-05
4.075299637911399424e+18 3.334994884365374178e-05
4.427568750242217984e+18 4.404288307537418726e-05
4.810288022936239104e+18 5.806108336257520997e-05
5.226089569436451840e+18 7.639749265420811238e-05
5.677833023208707072e+18 1.003239081398588805e-04
6.168625204583966720e+18 1.314631445243752807e-04
6.701841487604129792e+18 1.718723605012182569e-04
7.281149013818349568e+18 2.241550849152886655e-04
7.910531912681887744e+18 2.915764960315523550e-04
8.594318702007028736e+18 3.782076820594778318e-04
9.337212056910321664e+18 4.890928294856159353e-04
1.014432115198988698e+19 6.304260685046505315e-04
1.102119679916111258e+19 8.097353922777804748e-04
1.197386962280985395e+19 1.036091090036708609e-03
1.300889153480706867e+19 1.320269548312546625e-03
1.413338079462576538e+19 1.674895840818521175e-03
1.535507096445788774e+19 2.114505695926200378e-03
1.668236409601238016e+19 2.655505285744080585e-03
1.812438851478474138e+19 3.315912455667919916e-03
1.969106159919977267e+19 4.114904884486755496e-03
2.139315798638875443e+19 5.071997801650734473e-03
2.324238367367618150e+19 6.205749351013645221e-03
2.525145652540257894e+19 7.532170394496548634e-03
2.743419373876331315e+19 9.062279602002759615e-03
2.980560687019597414e+19 1.079936374933817937e-02
3.238200507585683456e+19 1.273551866653983670e-02
3.518110727620731699e+19 1.484807037107093060e-02
3.822216401611280384e+19 1.709576457072811695e-02
4.152608985853772595e+19 1.941559554431048634e-02
4.511560722235393638e+19 2.172069620429449219e-02
4.901540265350197248e+19 2.390006547442206225e-02
5.325229660423389184e+19 2.582118801889317014e-02
5.785542788808840806e+19 2.733630702357034079e-02
6.285645407915980390e+19 2.829301933682496634e-02
6.828976923388950118e+19 2.854973283685670674e-02
7.419274043274597171e+19 2.799539804667446757e-02
8.060596476857147392e+19 2.657254714804272583e-02
8.757354854902361293e+19 2.430006505357497348e-02
9.514341063328446874e+19 2.129069968060929435e-02
1.033676119892099891e+20 1.775582112368994520e-02
1.123027137374242898e+20 1.398928001794069731e-02
1.220101661447519273e+20 1.032578565737465870e-02
1.325567312422767329e+20 7.077749308326832314e-03
1.440149419745122058e+20 4.467418457702285704e-03
1.564636010374654198e+20 2.580021303885892195e-03
1.699883228362789028e+20 1.360977772291601957e-03
1.846821222897173791e+20 6.600553202589340591e-04
