1.000000000000000000e+05 0.000000000000000000e+00
1.039255682936713129e+05 8.806944169150139906e-297
1.080052374516253913e+05 4.490961143821824726e-277
1.122450568085305858e+05 1.034416933621100398e-258
1.166513131698196230e+05 1.335672066375406449e-241
1.212305401337652875e+05 1.187140190204008189e-225
1.259895277795028524e+05 8.770982788464314667e-211
1.309353327353609493e+05 6.409871987764701627e-197
1.360752886424333265e+05 5.455341039458065987e-184
1.414170170289023954e+05 6.230235154730981768e-172
1.469684386112447537e+05 1.126344289032721276e-160
1.527377850390712556e+05 3.577469836801067703e-150
1.587336111010208551e+05 2.271719274422421621e-140
1.649648074098020734e+05 3.225772981520464063e-131
1.714406135851971922e+05 1.136300857761164966e-122
1.781706319545728911e+05 1.087733488470232521e-114
1.851648417912154109e+05 3.136568365700938114e-107
1.924336141115979990e+05 2.924980793369823363e-100
1.999877270535287098e+05 9.560415931272921872e-94
2.078383818579755316e+05 1.177021466916787220e-87
2.159972194782717270e+05 5.833741938726586527e-82
2.244763378413223836e+05 1.238400120937017979e-76
2.332883097864158335e+05 1.193164494034591475e-71
2.424462017082330713e+05 5.500792537915832386e-67
2.519635929317013652e+05 1.275387003725439167e-62
2.618545958474232757e+05 1.557167804586730197e-58
2.721338768375308719e+05 1.046203152357228585e-54
2.828166780230035074e+05 4.020166263880333327e-51
2.939188398646884016e+05 9.175638435898251659e-48
3.054568246515431674e+05 1.287398569902781572e-44
3.174477409109193250e+05 1.146798779698646349e-41
3.299093687770942342e+05 6.680631641496588952e-39
3.428601863556583412e+05 2.617137977298910493e-36
3.563193971228583832e+05 7.074787028236273249e-34
3.703069584005140932e+05 1.351936421589592987e-31
3.848436109487432986e+05 1.867123082215663244e-29
3.999509097203661222e+05 1.902879073953893096e-27
4.156512558225988178e+05 1.459174298345481534e-25
4.319679297334173461e+05 8.569817335343854083e-24
4.489251258218607400e+05 3.920664472006947799e-22
4.665479882234468241e+05 1.418665120530665944e-20
4.848626481239077984e+05 4.120493319452083575e-19
5.038962625065150205e+05 9.734407911147059015e-18
5.236770544204655453e+05 1.894144184464689526e-16
5.442343548300272087e+05 3.071245811583275318e-15
5.655986461065001786e+05 4.194759300501635226e-14
5.878016072274912149e+05 4.875304471883804842e-13
6.108761607505040010e+05 4.866301910639441256e-12
6.348565216305210488e+05 4.208205142750056943e-11
6.597782479539533379e+05 3.178759680239145063e-10
6.856782936641738052e+05 2.113156338683196709e-09
7.125950633568410994e+05 1.244721059345784659e-08
7.405684692262442550e+05 6.542139046094712348e-08
7.696399902471150272e+05 3.086358958488602368e-07
7.998527336796708405e+05 1.313980698944709513e-06
8.312514989890631987e+05 5.075564665781742155e-06
8.638828442740453174e+05 1.787540164687043332e-05
8.977951553033313248e+05 5.765700503916274525e-05
9.330387172620360507e+05 1.710386608203577283e-04
9.696657893145519774e+05 4.684848105409729043e-04
1.007730682094461750e+06 1.188980776883174400e-03
1.047289838236357435e+06 2.805563617996175568e-03
1.088401916069005383e+06 6.173549198270567896e-03
1.131127876593921334e+06 1.270442771985556656e-02
1.175531073878369993e+06 2.451211829197954412e-02
1.221677348996793153e+06 4.445256793420095109e-02
1.269635127659972757e+06 7.592523063512521264e-02
1.319475521676705917e+06 1.223984838945088999e-01
1.371272434398400830e+06 1.865613349734087933e-01
1.425102670302996412e+06 2.693023895616606933e-01
1.481046048880673945e+06 3.686856099501279460e-01
1.539185522990205325e+06 4.793622687062652488e-01
1.599607301861487795e+06 5.925553957057355658e-01
1.662400978926613461e+06 6.971251565143864459e-01
1.727659664669034770e+06 7.812625335228480239e-01
1.795480124687830452e+06 8.346307859104622473e-01
1.865962923181745922e+06 8.503669172324268555e-01
1.939212572065830929e+06 8.269649234108481517e-01
2.015337685941735283e+06 7.676431445743625570e-01
2.094451143151468830e+06 6.803722234715073869e-01
2.176670253153459169e+06 5.758396590278362925e-01
2.262116930469026323e+06 4.653985481253556933e-01
2.350917875457284506e+06 3.591339646098332117e-01
2.443204762186486740e+06 2.645293796394125874e-01
2.539114433680347167e+06 1.859220401500618625e-01
2.638789104828934651e+06 1.246261319555501540e-01
2.742376573264952283e+06 7.962409812130441522e-02
2.850030438518105075e+06 4.845385579910125445e-02
2.961910329772553407e+06 2.806043198153873597e-02
3.078182142565079965e+06 1.544945871538120491e-02
3.199018284775060602e+06 8.078238384415566825e-03
3.324597932270938065e+06 4.006483148722839518e-03
3.455107294592218008e+06 1.882233625625166122e-03
3.590739891061055008e+06 8.363856950967175257e-04
3.731696837732755579e+06 3.509466022951933037e-04
3.878187145610719454e+06 1.388080736545997023e-04
4.030428030568050686e+06 5.165311867242913075e-05
4.188645235435271170e+06 1.804552189846526491e-05
4.353073364731892012e+06 5.905695154497589557e-06
4.523956232538058423e+06 1.806203715683997518e-06
4.701547224022129551e+06 5.148780108897819553e-07
4.886109671160326339e+06 1.364298413708964745e-07
5.077917243205402978e+06 3.350300825053800732e-08
5.277254352483532391e+06 7.600762235187093626e-09
5.484416576121015474e+06 1.587647724175437715e-09
5.699711094326075166e+06 3.042458922401119620e-10
5.923457145875805989e+06 5.328566750937277145e-11
6.155986501483513974e+06 8.493076691383888133e-12
6.397643955748423934e+06 1.226988630425834500e-12
6.648787838417262770e+06 1.598874925341816280e-13
6.909790545715644956e+06 1.870329823679530419e-14
7.181039092537341639e+06 1.953645445836185593e-15
7.462935686310129240e+06 1.812184859505222355e-16
7.755898323389001191e+06 1.483997120109137593e-17
8.060361408861344680e+06 1.066162663679176094e-18
8.376776400682924315e+06 6.675325955322858439e-20
8.705612479099856690e+06 3.616908132318548103e-21
9.047357242349293083e+06 1.683276708769252340e-22
9.402517429670132697e+06 6.675176136381507485e-24
9.771619672696182504e+06 2.236522603891778375e-25
1.015521127634569071e+07 6.275658234786428347e-27
1.055386103036523052e+07 1.460561775657506534e-28
1.096816005273137987e+07 2.791268888180881814e-30
1.139872266616052575e+07 4.333252612551568743e-32
1.184618730902682431e+07 5.403195083086368263e-34
1.231121748203889653e+07 5.345961417447365436e-36
1.279450273207873479e+07 4.143767912497664256e-38
1.329675967466210015e+07 2.482138549865839339e-40
1.381873305653633550e+07 1.132487477446728347e-42
1.436119685999077372e+07 3.876220083118974121e-45
1.492495545051829144e+07 9.788596567018989810e-48
1.551084476952840574e+07 1.793734968139294359e-50
1.611973357388155349e+07 2.340377888857950386e-53
1.675252472408217192e+07 2.170905020593759750e-56
1.741015652304015309e+07 1.329906330343269042e-59
1.809360410738716647e+07 5.549563006753553526e-63
1.880388089340916649e+07 1.514464810159285656e-66
1.954204007974051312e+07 2.636489217799455999e-70
2.030917620904734731e+07 2.852543826403396510e-74
2.110642679101554677e+07 1.864745706155363909e-78
2.193497398905055597e+07 7.152321714236636189e-83
2.279604637318982184e+07 1.559804784814610424e-87
2.369092074182632193e+07 1.870108384401949580e-92
2.462092401494625583e+07 1.190222559885663666e-97
2.558743520168589056e+07 3.869525864429676981e-103
2.659188744512690976e+07 6.180679358938988387e-109
2.763577014736157283e+07 4.643432070862487454e-115
2.872063117797828093e+07 1.568641079023739669e-121
2.984807916924321279e+07 2.279517478708211968e-128
3.101978590138100088e+07 1.338053765535649378e-135
3.223748878149027005e+07 3.039438521533732438e-143
3.350299341977229714e+07 2.516077708595631369e-151
3.481817630688966811e+07 7.120879067167718049e-160
3.618498759642742574e+07 6.459714939118442399e-169
3.760545399658175558e+07 1.751006214591026491e-178
3.908168177536264062e+07 1.318116845490672856e-188
4.061585988376979530e+07 2.545172714967768270e-199
4.221026320156902820e+07 1.159859319197277922e-210
4.386725591048493981e+07 1.138386967686317361e-222
4.558929499981059134e+07 2.193187360311934585e-235
4.737893390963143855e+07 7.481050396762258520e-249
4.923882631706731766e+07 4.074371692501549055e-263
5.117173007114610076e+07 3.144088501874849191e-278
5.318051128214196861e+07 3.043455363735896179e-294
5.526814857144603133e+07 0.000000000000000000e+00
5.743773748826587200e+07 0.000000000000000000e+00
5.969249509970727563e+07 0.000000000000000000e+00
6.203576476104268432e+07 0.000000000000000000e+00
6.447102107323869318e+07 0.000000000000000000e+00
6.700187503509576619e+07 0.000000000000000000e+00
6.963207939763890207e+07 0.000000000000000000e+00
7.236553422869649529e+07 0.000000000000000000e+00
7.520629269592407346e+07 0.000000000000000000e+00
7.815856707684090734e+07 0.000000000000000000e+00
8.122673500479702652e+07 0.000000000000000000e+00
8.441534596012993157e+07 0.000000000000000000e+00
8.772912801613356173e+07 0.000000000000000000e+00
9.117299484984922409e+07 0.000000000000000000e+00
9.475205302806547284e+07 0.000000000000000000e+00
9.847160957933764160e+07 0.000000000000000000e+00
1.023371798632517159e+08 0.000000000000000000e+00
1.063544957486011237e+08 0.000000000000000000e+00
1.105295141126019806e+08 0.000000000000000000e+00
1.148684256737554818e+08 0.000000000000000000e+00
1.193776641714435816e+08 0.000000000000000000e+00
1.240639159058829248e+08 0.000000000000000000e+00
1.289341296525715739e+08 0.000000000000000000e+00
1.339955269659337103e+08 0.000000000000000000e+00
1.392556128874464631e+08 0.000000000000000000e+00
1.447221870741134286e+08 0.000000000000000000e+00
1.504033553638022244e+08 0.000000000000000000e+00
1.563075417945817411e+08 0.000000000000000000e+00
1.624435010958865285e+08 0.000000000000000000e+00
1.688203316700366139e+08 0.000000000000000000e+00
1.754474890833459795e+08 0.000000000000000000e+00
1.823348000868438482e+08 0.000000000000000000e+00
1.894924771873823702e+08 0.000000000000000000e+00
1.969311337907421887e+08 0.000000000000000000e+00
2.046617999391994178e+08 0.000000000000000000e+00
2.126959386668691933e+08 0.000000000000000000e+00
2.210454629971019328e+08 0.000000000000000000e+00
2.297227536071146429e+08 0.000000000000000000e+00
2.387406771860646904e+08 0.000000000000000000e+00
2.481126055137765408e+08 0.000000000000000000e+00
2.578524352884276509e+08 0.000000000000000000e+00
2.679746087325689495e+08 0.000000000000000000e+00
2.784941350080638528e+08 0.000000000000000000e+00
2.894266124716751575e+08 0.000000000000000000e+00
3.007882518043096066e+08 0.000000000000000000e+00
3.125959000482284427e+08 0.000000000000000000e+00
3.248670655878374577e+08 0.000000000000000000e+00
3.376199441111333370e+08 0.000000000000000000e+00
3.508734455902714729e+08 0.000000000000000000e+00
3.646472223212745190e+08 0.000000000000000000e+00
3.789616980644723773e+08 0.000000000000000000e+00
3.938380983288488984e+08 0.000000000000000000e+00
4.092984818452433944e+08 0.000000000000000000e+00
4.253657732750391960e+08 0.000000000000000000e+00
4.420637972028530240e+08 0.000000000000000000e+00
4.594173134636485577e+08 0.000000000000000000e+00
4.774520538566131592e+08 0.000000000000000000e+00
4.961947603002898097e+08 0.000000000000000000e+00
5.156732244854952693e+08 0.000000000000000000e+00
5.359163290848514438e+08 0.000000000000000000e+00
5.569540905800124407e+08 0.000000000000000000e+00
5.788177037701280117e+08 0.000000000000000000e+00
6.015395880274832249e+08 0.000000000000000000e+00
6.251534353689699173e+08 0.000000000000000000e+00
6.496942604146125317e+08 0.000000000000000000e+00
6.751984523072494268e+08 0.000000000000000000e+00
7.017038286703836918e+08 0.000000000000000000e+00
7.292496916841443777e+08 0.000000000000000000e+00
7.578768863625915051e+08 0.000000000000000000e+00
7.876278611187063456e+08 0.000000000000000000e+00
8.185467307069020271e+08 0.000000000000000000e+00
8.506793416364170313e+08 0.000000000000000000e+00
8.840733401525062323e+08 0.000000000000000000e+00
9.187782428863321543e+08 0.000000000000000000e+00
9.548455102782303095e+08 0.000000000000000000e+00
9.923286228832545280e+08 0.000000000000000000e+00
1.031283160672186852e+09 0.000000000000000000e+00
1.071766885445503354e+09 0.000000000000000000e+00
1.113839826482618332e+09 0.000000000000000000e+00
1.157564369553301096e+09 0.000000000000000000e+00
1.203005349423324108e+09 0.000000000000000000e+00
1.250230145991458654e+09 0.000000000000000000e+00
1.299308784200417042e+09 0.000000000000000000e+00
1.350314037869872093e+09 0.000000000000000000e+00
1.403321537605481863e+09 0.000000000000000000e+00
1.458409882943986416e+09 0.000000000000000000e+00
1.515660758900601149e+09 0.000000000000000000e+00
1.575159057091624498e+09 0.000000000000000000e+00
1.636993001611701965e+09 0.000000000000000000e+00
1.701254279852585793e+09 0.000000000000000000e+00
1.768038178457201481e+09 0.000000000000000000e+00
1.837443724610724926e+09 0.000000000000000000e+00
1.909573832878100634e+09 0.000000000000000000e+00
1.984535457805803299e+09 0.000000000000000000e+00
2.062439752514088392e+09 0.000000000000000000e+00
2.143402233514850140e+09 0.000000000000000000e+00
2.227542951999556541e+09 0.000000000000000000e+00
2.314986671851165771e+09 0.000000000000000000e+00
2.405863054644066811e+09 0.000000000000000000e+00
2.500306851906321526e+09 0.000000000000000000e+00
2.598458104929241657e+09 0.000000000000000000e+00
2.700462352420681953e+09 0.000000000000000000e+00
2.806470846309844494e+09 0.000000000000000000e+00
2.916640776023706913e+09 0.000000000000000000e+00
3.031135501567575932e+09 0.000000000000000000e+00
3.150124795755321503e+09 0.000000000000000000e+00
3.273785095948576927e+09 0.000000000000000000e+00
3.402299765678064346e+09 0.000000000000000000e+00
3.535859366535182953e+09 0.000000000000000000e+00
3.674661940736688137e+09 0.000000000000000000e+00
3.818913304781846523e+09 0.000000000000000000e+00
3.968827354637149811e+09 0.000000000000000000e+00
4.124626382901348114e+09 0.000000000000000000e+00
4.286541408420933723e+09 0.000000000000000000e+00
4.454812518844988823e+09 0.000000000000000000e+00
4.629689226627258301e+09 0.000000000000000000e+00
4.811430839003244400e+09 0.000000000000000000e+00
5.000306842491089821e+09 0.000000000000000000e+00
5.196597302486207962e+09 0.000000000000000000e+00
5.400593278542373657e+09 0.000000000000000000e+00
5.612597255954965591e+09 0.000000000000000000e+00
5.832923594286188126e+09 0.000000000000000000e+00
6.061898993497571945e+09 0.000000000000000000e+00
6.299862978380705833e+09 0.000000000000000000e+00
6.547168402004742622e+09 0.000000000000000000e+00
6.804181968927093506e+09 0.000000000000000000e+00
7.071284778942981720e+09 0.000000000000000000e+00
7.348872892180387497e+09 0.000000000000000000e+00
7.637357916378011703e+09 0.000000000000000000e+00
7.937167617217558861e+09 0.000000000000000000e+00
8.248746552614581108e+09 0.000000000000000000e+00
8.572556731909307480e+09 0.000000000000000000e+00
8.909078300934106827e+09 0.000000000000000000e+00
9.258810253973945618e+09 0.000000000000000000e+00
9.622271173675153732e+09 0.000000000000000000e+00
1.000000000000000000e+10 0.000000000000000000e+00
