5.000000040520380384e-02 2.150948729531067826e-09
5.432184826984712972e-02 2.144365972307131371e-09
5.901726351076550664e-02 2.137792275275084929e-09
6.411853615504628512e-02 2.131227733754418853e-09
6.966074728144663886e-02 2.124672025859738534e-09
7.568201027040544204e-02 2.118125517970603257e-09
8.222373290697218562e-02 2.111588182348796621e-09
8.933090213911516753e-02 2.105060067438343517e-09
9.705239344967160620e-02 2.098541289252051535e-09
1.054413069694669497e-01 2.092031675985259768e-09
1.145553326430300417e-01 2.085531461294083768e-09
1.244571469581207124e-01 2.079040466626604551e-09
1.352148439673506453e-01 2.072558794710071784e-09
1.469024035660012883e-01 2.066086339958182792e-09
1.596002002463512981e-01 2.059623167954728753e-09
1.733955558271794983e-01 2.053169184451693242e-09
1.883833399595241653e-01 2.046724327144570246e-09
2.046666225383322046e-01 2.040288740372924416e-09
2.223573825065860154e-01 2.033862276041086362e-09
2.415772779263019310e-01 2.027444942965050272e-09
2.624584826121217906e-01 2.021036982708241925e-09
2.851445950809664009e-01 2.014638208316505548e-09
3.097916260685302792e-01 2.008248694011182139e-09
3.365690714036970177e-01 2.001868362607026346e-09
3.656610776189543888e-01 1.995497337416408193e-09
3.972677083126250897e-01 1.989135470350616531e-09
4.316063199715956533e-01 1.982782845611379747e-09
4.689130567159752738e-01 1.976439464350500933e-09
5.094444742449319996e-01 1.970105317359895260e-09
5.534793041514664003e-01 1.963780412230751411e-09
6.013203707391845398e-01 1.957464650278161209e-09
6.532966735228784572e-01 1.951158096172099630e-09
7.097656497341183757e-01 1.944860730122066617e-09
7.711156323909451604e-01 1.938572642476556038e-09
8.377685208356233648e-01 1.932293769414018426e-09
9.101826821055502004e-01 1.926024179669095022e-09
9.888561030898389559e-01 1.919763873939846027e-09
1.074329815148720835e+00 1.913512827421528244e-09
1.167191614746625028e+00 1.907271014509258397e-09
1.268080105685462922e+00 1.901038415133024244e-09
1.377689090736251343e+00 1.894815169373309427e-09
1.496772342870009931e+00 1.888601167702096305e-09
1.626148788899332231e+00 1.882396350247995063e-09
1.766708141178166658e+00 1.876200896124180794e-09
1.919417016088580175e+00 1.870014657882517632e-09
2.085325581390894190e+00 1.863837744866237690e-09
2.265574778150547974e+00 1.857670063492362456e-09
2.461404166906327351e+00 1.851511633870459328e-09
2.674160452037500413e+00 1.845362543427264947e-09
2.905306742951311083e+00 1.839222724400083356e-09
3.156432615779328987e+00 1.833092213567819868e-09
3.429265044776203197e+00 1.826970914922757038e-09
3.725680278595272288e+00 1.820858922247562845e-09
4.047716743113281446e+00 1.814756252960186271e-09
4.397589059535992995e+00 1.808662872472820254e-09
4.777703274186207771e+00 1.802578754750145474e-09
5.190673404708291194e+00 1.796503947743142097e-09
5.639339416476255806e+00 1.790438471136251562e-09
6.126786752827882765e+00 1.784382286397725275e-09
6.656367553432803952e+00 1.778335386108501947e-09
7.231723706711767008e+00 1.772297710607515258e-09
7.856811894836868149e+00 1.766269274392548666e-09
8.535930803545337398e+00 1.760250205830900009e-09
9.273750683886900603e+00 1.754240402027747510e-09
1.007534546919854002e+01 1.748239946715634232e-09
1.094622766817283477e+01 1.742248777129388385e-09
1.189238627397694259e+01 1.736266942501882270e-09
1.292032795012044133e+01 1.730294413297420710e-09
1.403712177630426439e+01 1.724331239471767344e-09
1.525044786196455604e+01 1.718377412544372467e-09
1.656865016182346295e+01 1.712432835444432939e-09
1.800079385665524256e+01 1.706497623794511972e-09
1.955672769387123822e+01 1.700571754555544806e-09
2.124715171663527968e+01 1.694655210435418343e-09
2.308369084727771181e+01 1.688748012943840066e-09
2.507897483103565506e+01 1.682850183962598395e-09
2.724672508988714625e+01 1.676961643614065868e-09
2.960184908376609059e+01 1.671082468723353663e-09
3.216054282807361631e+01 1.665212689812826265e-09
3.494040227249102770e+01 1.659352213919978094e-09
3.796054430703844673e+01 1.653501079547320427e-09
4.124173822752889151e+01 1.647659312472019854e-09
4.480654856449589829e+01 1.641826902592496898e-09
4.867949025781936001e+01 1.636003869995112199e-09
5.288719724417342860e+01 1.630190192764920423e-09
5.745860561666041377e+01 1.624385864435229923e-09
6.242515261620607703e+01 1.618590897824118324e-09
6.782099282316552546e+01 1.612805323559947722e-09
7.368323303587325768e+01 1.607029085265595018e-09
8.005218745138087399e+01 1.601262253864901948e-09
8.697165490324053394e+01 1.595504805889037926e-09
9.448922006287894249e+01 1.589756708510026368e-09
1.026565806759013100e+02 1.584017980784530325e-09
1.115299030837059320e+02 1.578288682063662444e-09
1.211702084753041220e+02 1.572568720148459238e-09
1.316437925255728487e+02 1.566858217267175412e-09
1.430226813057615516e+02 1.561157053794934566e-09
1.553851266015125532e+02 1.555465278614061232e-09
1.688161440446683343e+02 1.549782905223664482e-09
1.834080977595492641e+02 1.544109888661647910e-09
1.992613355442816498e+02 1.538446221513651508e-09
2.164848789552615926e+02 1.532791958754335566e-09
2.351971730404228254e+02 1.527147110420136607e-09
2.555269008771673782e+02 1.521511699083472276e-09
2.776138685164709159e+02 1.515885685832702802e-09
3.016099664188706697e+02 1.510269084489369781e-09
3.276802139940465395e+02 1.504661898959272206e-09
3.560038944272296817e+02 1.499064174457187620e-09
3.867757875965529593e+02 1.493475808040307018e-09
4.202075095600173427e+02 1.487896940834511105e-09
4.565289678236469513e+02 1.482327428620130716e-09
4.959899423985807516e+02 1.476767394027325282e-09
5.388618035199418728e+02 1.471216754903390404e-09
5.854393778400833526e+02 1.465675576074911988e-09
6.360429759299142916e+02 1.460143838381744205e-09
6.910205950312524692e+02 1.454621539125089332e-09
7.507503122084066263e+02 1.449108708186445814e-09
8.156428843564773388e+02 1.443605287486848954e-09
8.861445729464767282e+02 1.438111333989772964e-09
9.627402129328208957e+02 1.432626816626910639e-09
1.045956546927827731e+03 1.427151776556809464e-09
1.136365847572139955e+03 1.421686203787066634e-09
1.234589853011791320e+03 1.416230057102961037e-09
1.341304042545956690e+03 1.410783393353140981e-09
1.457242281848680022e+03 1.405346194571307256e-09
1.583201869709406083e+03 1.399918458693144615e-09
1.720049020998446395e+03 1.394500233353258148e-09
1.868724823563243945e+03 1.389091404412013717e-09
2.030251710020675546e+03 1.383692113854954576e-09
2.205740488951330008e+03 1.378302296015800410e-09
2.396397983848857166e+03 1.372921946348173425e-09
2.603535332356857907e+03 1.367551106351976831e-09
2.828577002866499242e+03 1.362189749729755907e-09
3.073070590481463569e+03 1.356837872956176692e-09
3.338697459716210233e+03 1.351495512452680464e-09
3.627284307116776290e+03 1.346162615918443861e-09
3.940815723319235531e+03 1.340839239556939750e-09
4.281447840934323722e+03 1.335525353978280700e-09
4.651523162113686340e+03 1.330220998673913354e-09
5.053586667765727725e+03 1.324926132750189029e-09
5.490403319203203864e+03 1.319640763673285843e-09
5.964977072579808009e+03 1.314364944734120786e-09
6.480571536876893333e+03 1.309098665791685782e-09
7.040732417503709257e+03 1.303841869552582736e-09
7.649311899853995783e+03 1.298594607647468375e-09
8.310495140503220682e+03 1.293356867390674560e-09
9.028829048224029975e+03 1.288128649031165081e-09
9.809253552745354682e+03 1.282909970499685269e-09
1.065713557628761373e+04 1.277700817956078867e-09
1.157830594149422723e+04 1.272501231870989280e-09
1.257909946957241300e+04 1.267311210613585677e-09
1.366639854439499504e+04 1.262130668610520567e-09
1.484768044215097507e+04 1.256959725617281759e-09
1.613106875202661649e+04 1.251798311577199831e-09
1.752538924153417247e+04 1.246646464966547474e-09
1.904023055066915549e+04 1.241504182073302265e-09
2.068601013228613374e+04 1.236371455953265800e-09
2.247404589216000022e+04 1.231248264249866389e-09
2.441663402139565005e+04 1.226134682202634058e-09
2.652713355643495379e+04 1.221030656337238369e-09
2.882005824817262328e+04 1.215936232611128365e-09
3.131117637195966745e+04 1.210851341779721051e-09
3.401761916487897543e+04 1.205776067048329870e-09
3.695799863600952085e+04 1.200710358347807678e-09
4.015253555985136336e+04 1.195654248434798311e-09
4.362319853311197949e+04 1.190607716057225685e-09
4.739385505113917316e+04 1.185570773808780002e-09
5.149043564293985401e+04 1.180543438713396409e-09
5.594111219353105844e+04 1.175525687399506906e-09
6.077649167993253650e+04 1.170517592092481390e-09
6.602982665310762241e+04 1.165519043934023624e-09
7.173724391332440428e+04 1.160530152084255643e-09
7.793799295151694969e+04 1.155550850975667668e-09
8.467471586516412208e+04 1.150581155655934009e-09
9.199374060487307725e+04 1.145621121619893069e-09
9.994539956830658775e+04 1.140670702218550688e-09
1.085843757323999744e+05 1.135729898741602829e-09
1.179700787041914300e+05 1.130798731939177079e-09
1.281670532763447991e+05 1.125877173309226670e-09
1.392454232969646691e+05 1.120965290965657901e-09
1.512813739061714150e+05 1.116063026992535307e-09
1.643576754557341628e+05 1.111170438312900926e-09
1.785642527147248911e+05 1.106287464903505546e-09
1.939988032755776367e+05 1.101414180400771109e-09
2.107674694132811856e+05 1.096550514910113200e-09
2.289855680180419004e+05 1.091696533705099866e-09
2.487783836210979498e+05 1.086852205133754097e-09
2.702820299672756810e+05 1.082017530085493780e-09
2.936443860592563287e+05 1.077192539283858275e-09
3.190261131106545217e+05 1.072377220616932182e-09
3.466017594014346250e+05 1.067571599161893943e-09
3.765609606336567667e+05 1.062775671978708741e-09
4.091097440423315857e+05 1.057989401625291202e-09
4.444719452296366217e+05 1.053212797880111027e-09
4.828907474659786094e+05 1.048445909662928256e-09
5.246303540435554460e+05 1.043688723317157032e-09
5.699778051830598852e+05 1.038941243138271415e-09
6.192449519882857567e+05 1.034203452594892123e-09
6.727706010233437410e+05 1.029475384232040828e-09
7.309228442606251920e+05 1.024757014485284512e-09
7.941015904223568505e+05 1.020048382523720427e-09
8.627413151236290578e+05 1.015349452034350053e-09
9.373140487294195918e+05 1.010660236194998275e-09
1.018332622472866438e+06 1.005980775090973441e-09
1.106354195158154005e+06 1.001311033678685769e-09
1.201984084700832376e+06 9.966510373637054363e-10
1.305879930854842300e+06 9.920007535497055138e-10
1.418756217752997298e+06 9.873602262044645760e-10
1.541389187362073455e+06 9.827294317129584114e-10
1.674622177642046707e+06 9.781083943491478569e-10
1.819371422119518509e+06 9.734971201965668486e-10
1.976632350758672692e+06 9.688956163333372293e-10
2.147486435460286215e+06 9.643038585579147228e-10
2.333108627264878247e+06 9.597218929359367707e-10
2.534775436405070592e+06 9.551496490924929609e-10
2.753873710773030762e+06 9.505872322169403961e-10
2.991910173172004521e+06 9.460345632179879080e-10
3.250521782938754652e+06 9.414916844152004524e-10
3.531486993193204049e+06 9.369586000380261205e-10
3.836737981130385306e+06 9.324352861476106580e-10
4.168373935461664107e+06 9.279217905295716252e-10
4.528675492381955497e+06 9.234180890984371077e-10
4.920120419337921776e+06 9.189242066217892136e-10
5.345400654453485273e+06 9.144401050503294428e-10
5.807440818791351281e+06 9.099658456404297113e-10
6.309418328757998534e+06 9.055013913134131079e-10
6.854785246963980608e+06 9.010467654538616651e-10
7.447292021805880591e+06 8.966019155905314109e-10
8.091013279025446624e+06 8.921669389519309874e-10
8.790375842612888664e+06 8.877418040638667281e-10
9.550189177751470357e+06 8.833265032987666179e-10
1.037567846515777335e+07 8.789210365307931178e-10
1.127252053426704369e+07 8.745254038572765380e-10
1.224688290237412415e+07 8.701395988691293651e-10
1.330546618819857575e+07 8.657635950032059503e-10
1.445555019154919311e+07 8.613975028268513543e-10
1.570504395597501099e+07 8.570412715482713217e-10
1.706254015867901221e+07 8.526948728519016799e-10
1.853737420173038542e+07 8.483583764465903646e-10
2.013968841094194353e+07 8.440317424087596906e-10
2.188050178390246257e+07 8.397150345614002817e-10
2.377178576681709662e+07 8.354081652060045827e-10
2.582654658126667142e+07 8.311112167821489167e-10
2.805891466704253852e+07 8.268241497715922967e-10
3.048424185614693910e+07 8.225469888855804543e-10
3.311920694621813297e+07 8.182797391180763377e-10
3.598193039940223098e+07 8.140223932232535421e-10
3.909209895544517785e+07 8.097749390364171695e-10
4.247110101596194506e+07 8.055374681582612645e-10
4.614217373090896755e+07 8.013098776090344185e-10
5.013056279876531661e+07 7.970922291491880703e-10
5.446369607935367525e+07 7.928845175949174954e-10
5.917137221322500706e+07 7.886867443700566438e-10
6.428596554473073035e+07 7.844989108889495327e-10
6.984264875801944733e+07 7.803210436919771799e-10
7.587963475701309741e+07 7.761531105138382393e-10
8.243843945275020599e+07 7.719951422693029917e-10
8.956416726527060568e+07 7.678471438255822946e-10
9.730582130341130495e+07 7.637091094589081858e-10
1.057166403555997610e+08 7.595810708050521736e-10
1.148544650091083199e+08 7.554629156681715321e-10
1.247821354155409336e+08 7.513547399333100283e-10
1.355679234379583001e+08 7.472565456637803647e-10
1.472860021514833570e+08 7.431683593497527656e-10
1.600169559261153638e+08 7.390901711523535946e-10
1.738483345995455086e+08 7.350219834950011891e-10
1.888752555509828925e+08 7.309638003348282345e-10
2.052010578164166808e+08 7.269156212562985857e-10
2.229380127436034679e+08 7.228774818191107183e-10
2.422080960739133954e+08 7.188493626112964873e-10
2.631438267605757117e+08 7.148312748202548882e-10
2.858891782918307185e+08 7.108232389518950495e-10
3.106005687860723734e+08 7.068252465892720809e-10
3.374479366678006649e+08 7.028372864502305527e-10
3.666159093217414618e+08 6.988593774466780477e-10
3.983050727618584633e+08 6.948915157673356393e-10
4.327333510466992259e+08 6.909337504647719697e-10
4.701375049271951914e+08 6.869860281275968799e-10
5.107747600330340862e+08 6.830483861998717757e-10
5.549245757944918871e+08 6.791207745103733564e-10
6.028905672644817829e+08 6.752031932140678092e-10
6.550025930570733547e+08 6.712957117509120886e-10
7.116190237610427141e+08 6.673983272164161563e-10
7.731292064281833172e+08 6.635110391659896649e-10
8.399561420845125914e+08 6.596338643601242810e-10
9.125593946773693562e+08 6.557668084192402278e-10
9.914382514630639553e+08 6.519098541748758113e-10
1.077135156568795681e+09 6.480630428049901686e-10
1.170239441341252565e+09 6.442263615618040316e-10
1.271391377135155201e+09 6.403998005930669093e-10
1.381286578412504911e+09 6.365833962638007796e-10
1.500680786432374954e+09 6.327771396542558116e-10
1.630395066428239584e+09 6.289810362367422312e-10
1.771321454013524771e+09 6.251951006724957301e-10
1.924429089645232201e+09 6.214193275093490675e-10
2.090770883331998348e+09 6.176536028768977146e-10
2.271490755419174671e+09 6.138980736781311837e-10
2.467831503245319843e+09 6.101527199408067753e-10
2.681143347768628120e+09 6.064175527372845819e-10
2.912893218937636852e+09 6.026926079790554459e-10
3.164674843661181927e+09 5.989778589474661413e-10
3.438219705751700878e+09 5.952732894664511623e-10
3.735408953212804317e+09 5.915789777098135176e-10
4.058286334756440639e+09 5.878948498635020869e-10
4.409072254513206482e+09 5.842209752206667398e-10
4.790179041589203835e+09 5.805573373380914804e-10
5.204227539476748466e+09 5.769039201979349443e-10
5.654065129403359413e+09 5.732607403266958428e-10
6.142785311564051628e+09 5.696277264992242511e-10
6.673748978895984650e+09 5.660049519689771333e-10
7.250607529693244934e+09 5.623924567958908308e-10
7.877327978005678177e+09 5.587902412919386828e-10
8.558220234504446030e+09 5.551982957136118785e-10
9.297966745422281265e+09 5.516166547442278886e-10
1.010165469339372253e+10 5.480452926814014873e-10
1.097481098163774490e+10 5.444842275729441250e-10
1.192344024206707382e+10 5.409334794938526347e-10
1.295406612870244026e+10 5.373930376422034922e-10
1.407377618036383247e+10 5.338629267420691053e-10
1.529027056115672302e+10 5.303430179003011339e-10
1.661191501393707657e+10 5.268334401094353230e-10
1.804779839091303253e+10 5.233341881445267072e-10
1.960779515701629257e+10 5.198453084629251409e-10
2.130263329587546921e+10 5.163667722607392397e-10
2.314396808537440491e+10 5.128985974848274031e-10
2.514446225014519501e+10 5.094407981122024061e-10
2.731787304219957733e+10 5.059933881326157089e-10
2.967914684854428101e+10 5.025563348594452425e-10
3.224452197639058685e+10 4.991296929018363151e-10
3.503164032280570221e+10 4.957133164635765864e-10
3.805966869674771118e+10 4.923073279413840555e-10
4.134943062780878448e+10 4.889117677073444890e-10
4.492354956810406494e+10 4.855266292169665942e-10
4.880660447209762573e+10 4.821519186584390950e-10
5.302529882427369690e+10 4.787876468689246505e-10
5.760864427704508972e+10 4.754338267492008535e-10
6.258816016176553345e+10 4.720904435189370294e-10
6.799809024486460114e+10 4.687575267876887599e-10
7.387563821972457886e+10 4.654349268901907620e-10
8.026122355375680542e+10 4.621228070859031988e-10
8.719875945012368774e+10 4.588211741373858506e-10
9.473595483562326050e+10 4.555300280953947781e-10
1.029246424514871063e+11 4.522493874055646418e-10
1.118211353033518829e+11 4.489792473249066395e-10
1.214866139216776733e+11 4.457196226184467433e-10
1.319875470957807312e+11 4.424705268626204725e-10
1.433961489748326111e+11 4.392318262881011127e-10
1.557908756792837830e+11 4.360036614286587521e-10
1.692569648378626099e+11 4.327860208781796211e-10
1.838870217605098877e+11 4.295789417326913646e-10
1.997816562783239441e+11 4.263824355470496123e-10
2.170501746300059814e+11 4.231965020429033315e-10
2.358113311528678894e+11 4.200211557669858928e-10
2.561941449477182007e+11 4.168563242379777617e-10
2.783387871337844238e+11 4.137020040352978359e-10
3.023975447952425537e+11 4.105582823167345963e-10
3.285358682483493042e+11 4.074251862112742929e-10
3.569335088311697388e+11 4.043027074988854821e-10
3.877857550403731689e+11 4.011908734288365046e-10
4.213047755159404907e+11 3.980896715721233895e-10
4.577210781093716431e+11 3.949990597517134994e-10
4.972850950693259277e+11 3.919190210278112073e-10
5.402689052458698730e+11 3.888496436188908870e-10
5.869681051568164062e+11 3.857909502241338529e-10
6.377038417833640137e+11 3.827429345569993476e-10
6.928250210743854980e+11 3.797056165931248200e-10
7.527107073471025391e+11 3.766790110686849060e-10
8.177727300846789551e+11 3.736629590132067536e-10
8.884585160574353027e+11 3.706576354721482840e-10
9.652541662440206299e+11 3.676630306189240425e-10
1.048687798712262939e+12 3.646791749236581278e-10
1.139333180448506836e+12 3.617060892198450080e-10
1.237813673111190430e+12 3.587437415607503914e-10
1.344806519843349121e+12 3.557920289772684773e-10
1.461047502624189941e+12 3.528510867034824680e-10
1.587336002187913086e+12 3.499209380036609758e-10
1.724540495306548828e+12 3.470015763782184823e-10
1.873604527241151855e+12 3.440930516103545839e-10
2.035553200433570068e+12 3.411952951334481693e-10
2.211500224060923340e+12 3.383082404205853183e-10
2.402655572932102051e+12 3.354320302084437185e-10
2.610333808396059082e+12 3.325666622140500640e-10
2.835963118483994629e+12 3.297121765518786782e-10
3.081095139453981445e+12 3.268685625949531856e-10
3.347415626279938965e+12 3.240356725595975935e-10
3.636756045465331543e+12 3.212136790432924417e-10
3.951106169904287109e+12 3.184025578431892488e-10
4.292627762404164062e+12 3.156023913566698030e-10
4.663669441970311523e+12 3.128131356672482239e-10
5.066782835087079102e+12 3.100346699169560640e-10
5.504740123066507812e+12 3.072671298275844894e-10
5.980553106136305664e+12 3.045105572351855900e-10
6.497493915369794922e+12 3.017649496862461815e-10
7.059117514891855469e+12 2.990303226122248756e-10
7.669286149107028320e+12 2.963065172532940852e-10
8.332195903071885742e+12 2.935937098161449954e-10
9.052405558664865234e+12 2.908919394084356572e-10
9.834867944995781250e+12 2.882011956521851730e-10
1.068496399864911133e+13 2.855214046414722281e-10
1.160853976799141992e+13 2.828525658114957804e-10
1.261194661601818945e+13 2.801948044381341491e-10
1.370208489821228906e+13 2.775481198736358969e-10
1.488645141578408398e+13 2.749125070171446787e-10
1.617319097062469336e+13 2.722878319894319790e-10
1.757115237651282422e+13 2.696742646074389878e-10
1.908994931175944922e+13 2.670718382422960159e-10
2.074002643177061328e+13 2.644805312132322503e-10
2.253273119617834766e+13 2.619002282987246435e-10
2.448039190449003906e+13 2.593310664218761802e-10
2.659640247690274219e+13 2.567730761805307478e-10
2.889531456331220312e+13 2.542262915455435229e-10
3.139293761394420703e+13 2.516905303924082475e-10
3.410644759978780078e+13 2.491659804622032554e-10
3.705450513049072656e+13 2.466526555536540695e-10
4.025738378200700781e+13 2.441505648440392457e-10
4.373710951649487500e+13 2.416595518985360830e-10
4.751761215324803906e+13 2.391798245583054479e-10
5.162488993231180469e+13 2.367113681773160555e-10
5.608718830247711719e+13 2.342541332652391018e-10
6.093519416316661719e+13 2.318081112764159989e-10
6.620224689599611719e+13 2.293734203937728314e-10
7.192456763726323438e+13 2.269500724036797439e-10
7.814150836805060938e+13 2.245379014525909974e-10
8.489582253492240625e+13 2.221370944676370573e-10
9.223395906224773438e+13 2.197476746172610225e-10
1.002063817780540312e+14 2.173695421080961711e-10
1.088679164500825156e+14 2.150027441121425185e-10
1.182781278185804688e+14 2.126473907567054346e-10
1.285017292186628594e+14 2.103034194470490928e-10
1.396090276091813906e+14 2.079707769229477733e-10
1.516764070685397188e+14 2.056496167249128032e-10
1.647868540824109688e+14 2.033399178638451247e-10
1.790305282357261250e+14 2.010415777316764688e-10
1.945053822335473438e+14 1.987547517680981981e-10
2.113178355146515312e+14 1.964794588409177692e-10
2.295835060902267812e+14 1.942155562796030440e-10
2.494280056404726875e+14 1.919632263701075571e-10
2.709878033369405938e+14 1.897224587981451536e-10
2.944111643310396250e+14 1.874931488236952853e-10
3.198591693626319375e+14 1.852754701066911912e-10
3.475068225005024375e+14 1.830693695610805242e-10
3.775442546325321250e+14 1.808748008584748680e-10
4.101780309819060625e+14 1.786919235360055252e-10
4.456325716410343750e+14 1.765206408331478250e-10
4.841516948921183750e+14 1.743609808354640021e-10
5.260002939276325625e+14 1.722130955199505616e-10
5.714661585014312500e+14 1.700767541088221456e-10
6.208619540378350000e+14 1.679522091009512428e-10
6.745273718088597500e+14 1.658393797212303594e-10
7.328314649662701250e+14 1.637382504936878135e-10
7.961751864930852500e+14 1.616489730892782503e-10
8.649941465279131250e+14 1.595713868894093680e-10
9.397616080240037500e+14 1.575056453295190234e-10
1.020991741343953875e+15 1.554517514049186355e-10
1.109243160171682375e+15 1.534096516273284537e-10
1.205122763057829500e+15 1.513795238860301584e-10
1.309289907016740750e+15 1.493611580600398948e-10
1.422460941876379750e+15 1.473548252394534591e-10
1.545414136563695500e+15 1.453603508304284963e-10
1.678995031203092250e+15 1.433779079428419822e-10
1.824122251834005250e+15 1.414074146308740315e-10
1.981793827734980250e+15 1.394489638902053093e-10
2.153094054797943000e+15 1.375025837699248395e-10
2.339200952151811000e+15 1.355682437493805573e-10
2.541394363313796000e+15 1.336460585425075270e-10
2.761064757579654000e+15 1.317359701593945138e-10
2.999722792179299500e+15 1.298381172474577554e-10
3.259009700956056000e+15 1.279524110639772350e-10
3.540708581011748500e+15 1.260790394165103186e-10
3.846756654934906000e+15 1.242178824379681111e-10
4.179258592938939500e+15 1.223691459426200557e-10
4.540500986525107000e+15 1.205327345077546192e-10
4.932968073205008000e+15 1.187087967590381193e-10
5.359358820420195000e+15 1.168973769371083816e-10
5.822605486143858000e+15 1.150984905812061558e-10
6.325893783804192000e+15 1.133122928593518242e-10
6.872684790202842000e+15 1.115387597237323302e-10
7.466738747086673000e+15 1.097781533518843722e-10
8.112140920055198000e+15 1.080303078140259369e-10
8.813329692633228000e+15 1.062956262835938768e-10
9.575127088709646000e+15 1.045739882631667320e-10
1.040277193324298800e+16 1.028656302420072368e-10
1.130195587927707600e+16 1.011707300185863406e-10
1.227886254902307200e+16 9.948918238682756571e-11
1.334021005817670200e+16 9.782115733890193952e-11
1.449329721590847000e+16 9.616627448277451357e-11
1.574605371824032200e+16 9.452371253586009664e-11
1.710709467998504600e+16 9.289164605548199779e-11
1.858577988026069200e+16 9.126539721241903531e-11
2.019227812900620000e+16 8.963558614907505693e-11
2.193763719714424400e+16 8.798585821928133919e-11
2.383385979129304800e+16 8.630148526341915532e-11
2.589398609550176400e+16 8.461572306448398321e-11
2.813218344764218000e+16 8.306285953726141845e-11
3.056384376715472400e+16 8.178665030732963897e-11
3.320568940415264000e+16 8.078826194025414473e-11
3.607588813779922400e+16 7.997543286367617437e-11
3.919417811479751200e+16 7.925563467758407416e-11
4.258200358718002400e+16 7.855487024317148977e-11
4.626266238286140800e+16 7.778179700565260204e-11
5.026146612309644000e+16 7.672570425275986524e-11
5.460591428864759200e+16 7.473073044090506843e-11
5.932588333170279200e+16 6.984521781704155749e-11
6.445383213404941600e+16 5.667402897783071546e-11
7.002502522443238400e+16 2.800393222692407489e-11
7.607777529013652800e+16 2.682157354946468208e-13
8.265370665053441600e+16 3.222166325420441861e-11
8.979804150448545600e+16 1.088887763785961616e-10
9.755991092008883200e+16 1.824928221264729901e-10
1.059926927054452800e+17 2.438391077627137645e-10
1.151543784839346560e+17 3.125929758344733679e-10
1.251079724983722880e+17 4.001363383456366111e-10
1.359219248865739840e+17 5.144883294828745507e-10
1.476706024079466560e+17 6.571016358760488710e-10
1.604347998582520320e+17 8.583691159613661528e-10
1.743022956895059200e+17 1.120875953345907230e-09
1.893684556559723840e+17 1.466732478554165470e-09
2.057368886374725440e+17 1.942700763148025655e-09
2.235201591500797760e+17 2.588205082431551283e-09
2.428405614440556800e+17 3.442900163126937579e-09
2.638309605124632000e+17 4.613717958939315481e-09
2.866357057940032640e+17 6.215407802474030900e-09
3.114116238535439360e+17 8.488317640656228167e-09
3.383290968669360640e+17 1.135128317005622840e-08
3.675732343267604480e+17 1.520029023762853241e-08
3.993451460267810560e+17 2.037857203295089117e-08
4.338633250792730880e+17 2.739493554681231386e-08
4.713651504761731840e+17 3.676918685840852327e-08
5.121085195270398720e+17 4.941970205112410898e-08
5.563736213999833600e+17 6.645899882733172100e-08
6.044648639620805120e+17 8.940963765161421224e-08
6.567129671699859200e+17 1.201958937746259326e-07
7.134772374069070080e+17 1.617372241004714810e-07
7.751480384062945280e+17 2.174542360503843705e-07
8.421494757546830080e+17 2.923714585038713246e-07
9.149423134347809280e+17 3.930171169070458423e-07
9.940271424656689920e+17 5.280879075498056355e-07
1.079947823430624256e+18 7.091547460064334053e-07
1.173295226566525696e+18 9.517976700818617685e-07
1.274711295135295744e+18 1.276861692137020030e-06
1.384893460020713728e+18 1.711720413623356421e-06
1.504599435909586432e+18 2.292898294240381230e-06
1.634652432040213504e+18 3.069411452650358918e-06
1.775946813352091392e+18 4.104945427548717270e-06
1.929454250968186368e+18 5.484979949502483666e-06
2.096230404306094592e+18 7.321517333685175325e-06
2.277422180770714624e+18 9.763943814162350519e-06
2.474275622952501760e+18 1.300592060559051702e-05
2.688144477571215872e+18 1.730451426037332864e-05
2.920499505093068288e+18 2.299554309438657328e-05
3.172938594042846720e+18 3.051724481910162603e-05
3.447197749566424064e+18 4.044275282576149743e-05
3.745163031811025408e+18 5.351548823424204200e-05
4.068883526223037952e+18 7.070505503457488738e-05
4.420585434958603264e+18 9.325367916452204911e-05
4.802687386312998912e+18 1.227723025195074605e-04
5.217817067450476544e+18 1.613229315974541115e-04
5.668829294816687104e+18 2.115410948875657540e-04
6.158825646502333440e+18 2.767786252844393912e-04
6.691175791569053696e+18 3.612777336244143273e-04
7.269540663016850432e+18 4.703742428608369297e-04
7.897897633752534016e+18 6.107442189452279204e-04
8.580567868692212736e+18 7.906737071802078225e-04
9.322246041096278016e+18 1.020368573426606558e-03
1.012803261749402829e+19 1.312292786102659372e-03
1.100346893321850470e+19 1.681504802772111704e-03
1.195457529976464589e+19 2.145995358733955236e-03
1.298789240603066573e+19 2.726952908052759656e-03
1.411052629815715840e+19 3.448956474847035807e-03
1.533019724728651776e+19 4.339936716545917186e-03
1.665529284130274918e+19 5.430916441512037909e-03
1.809492566565985690e+19 6.755348679202565279e-03
1.965899596996472832e+19 8.347838771727079596e-03
2.135825975127021978e+19 1.024234313566010045e-02
2.320440272227940762e+19 1.246934924223177393e-02
2.521012067313702912e+19 1.505222638186919613e-02
2.738920677944947917e+19 1.800249855884406350e-02
2.975664645694430413e+19 2.131415054512120558e-02
3.232872041507807232e+19 2.495732666222779533e-02
3.512311661828316365e+19 2.887159796446900697e-02
3.815905192480658227e+19 3.295976212235116748e-02
4.145740423963722547e+19 3.708331069107996536e-02
4.504085609033124250e+19 4.106051101616001869e-02
4.893405061309455565e+19 4.466907635478117866e-02
5.316376102182762906e+19 4.765467566543160616e-02
5.775907472555914854e+19 4.974685133945497273e-02
6.275159336042797466e+19 5.068341954956694095e-02
6.817565011182557594e+19 5.024280939077822861e-02
7.406854582119830323e+19 4.828332384769780383e-02
8.047080550120546304e+19 4.478464995383012875e-02
8.742645702326652109e+19 3.988371910428863132e-02
9.498333389401163366e+19 3.389314895334592098e-02
1.031934042028080988e+20 2.728755382829515033e-02
1.121131280025055068e+20 2.064618147117762079e-02
1.218038455810933064e+20 1.455275214604859202e-02
1.323321992943704637e+20 9.473061239391433394e-03
1.437705918605513196e+20 5.652544727984572595e-03
1.561976842684616868e+20 3.079757376824219205e-03
1.696989367234039972e+20 1.536767819731956223e-03
1.843671963507368591e+20 7.115719177034592665e-04
