5.000000593174747793e-02 2.150820889454567296e-09
5.428945583988951940e-02 2.144251023854349712e-09
5.894689331466457932e-02 2.137689569627330975e-09
6.400388763700529116e-02 2.131136942662631693e-09
6.949471638450681332e-02 2.124593953860985470e-09
7.545659777345692376e-02 2.118058876179462026e-09
8.192994293325331356e-02 2.111533388064165396e-09
8.895862982318793188e-02 2.105017211820284987e-09
9.659030064827536788e-02 2.098509209058324791e-09
1.048766847900837462e-01 2.092011091378541771e-09
1.138739494414750808e-01 2.085521830307670382e-09
1.236430803219449176e-01 2.079041315887584292e-09
1.342502950541458462e-01 2.072570552587071657e-09
1.457674920035647581e-01 2.066108213845676096e-09
1.582727376237013650e-01 2.059655077051872775e-09
1.718507956100966960e-01 2.053211540901939977e-09
1.865937014499501334e-01 2.046775963432585750e-09
2.026013862617667138e-01 2.040350094128275711e-09
2.199823541535762539e-01 2.033933097415218559e-09
2.388544176910286088e-01 2.027524728256375464e-09
2.593454964605526047e-01 2.021126037564359415e-09
2.815944841404404708e-01 2.014735779065696430e-09
3.057521899570827539e-01 2.008354790479236222e-09
3.319823609077806048e-01 2.001983404514686432e-09
3.604627916790192899e-01 1.995619971415749657e-09
3.913865297835070756e-01 1.989266307629617588e-09
4.249631840847005182e-01 1.982921634463855811e-09
4.614203455783245089e-01 1.976585548426289219e-09
5.010051300613018732e-01 1.970259249811176531e-09
5.439858531446889467e-01 1.963941324709906675e-09
5.906538489642750855e-01 1.957632624598034890e-09
6.413254449165239901e-01 1.951333607852672088e-09
6.963441058051147436e-01 1.945042606776284813e-09
7.560827619316423664e-01 1.938761329399291888e-09
8.209463369108647157e-01 1.932489129898872894e-09
8.913744923446617063e-01 1.926225517878945722e-09
9.678446079587929018e-01 1.919971691797258144e-09
1.050875017402576717e+00 1.913726258261090633e-09
1.141028521644546156e+00 1.907490153944802052e-09
1.238916203778758884e+00 1.901263621419284875e-09
1.345201571099489568e+00 1.895045198810759648e-09
1.460605052520308256e+00 1.888836509162543145e-09
1.585908881822195582e+00 1.882636853377075128e-09
1.721962399830571755e+00 1.876445922030733874e-09
1.869687811460721161e+00 1.870264761712537891e-09
2.030086436654328086e+00 1.864091992557876024e-09
2.204245497577524304e+00 1.857928558430952953e-09
2.393345488085785178e+00 1.851774721450072266e-09
2.598668175407773617e+00 1.845629090508687378e-09
2.821605288285530921e+00 1.839493194289623172e-09
3.063667950461429257e+00 1.833366259894563976e-09
3.326496923454419274e+00 1.827248193527536821e-09
3.611873728053683230e+00 1.821139875240942762e-09
3.921732719913988419e+00 1.815039871214115034e-09
4.258174201104126588e+00 1.808949338334654850e-09
4.623478656481830207e+00 1.802868247930379074e-09
5.020122211392895828e+00 1.796795655810975337e-09
5.450793415470661429e+00 1.790732790639271956e-09
5.918411466300655732e+00 1.784678640030133801e-09
6.426145996474998512e+00 1.778633660726848420e-09
6.977438558158182147e+00 1.772598411639373136e-09
7.576025950791964725e+00 1.766571341156643553e-09
8.225965550060539755e+00 1.760553967268400832e-09
8.931662809801917291e+00 1.754545839367016148e-09
9.697901123280486146e+00 1.748546375492923966e-09
1.052987424622791934e+01 1.742556702720136720e-09
1.143322150142395621e+01 1.736575555209213378e-09
1.241406600344252986e+01 1.730603848238306700e-09
1.347905616266019457e+01 1.724641674545838830e-09
1.463541074985142565e+01 1.718687844532922750e-09
1.589096782682990217e+01 1.712743845518680178e-09
1.725423787480010418e+01 1.706808787819768843e-09
1.873446148053629656e+01 1.700882716345859687e-09
2.034167197140050476e+01 1.694966453098701185e-09
2.208676342375525792e+01 1.689058485265296602e-09
2.398156450574927234e+01 1.683160226251464582e-09
2.603891865500096614e+01 1.677271222654499509e-09
2.827277113464423408e+01 1.671390994042633920e-09
3.069826355782447891e+01 1.665520481839809454e-09
3.333183652135529229e+01 1.659658685836210602e-09
3.619134104421278408e+01 1.653806247810990941e-09
3.929615956622551209e+01 1.647963376246737998e-09
4.266733732711963967e+01 1.642128963960874865e-09
4.632772501643930951e+01 1.636304409366155924e-09
5.030213366125945385e+01 1.630488731812294147e-09
5.461750280155867188e+01 1.624682190736284685e-09
5.930308309318697013e+01 1.618885470681148559e-09
6.439063457615777963e+01 1.613097079370254333e-09
6.991464195217560018e+01 1.607318444309505595e-09
7.591254833060514784e+01 1.601549026810738909e-09
8.242500902727056200e+01 1.595788504175769306e-09
8.949616713639674970e+01 1.590037858233416217e-09
9.717395274358878510e+01 1.584295689350511669e-09
1.055104078079895800e+02 1.578563156443513785e-09
1.145620389157500085e+02 1.572839997716666063e-09
1.243902002958611632e+02 1.567125582936829391e-09
1.350615096945279561e+02 1.561420998836836282e-09
1.466482999269840661e+02 1.555725207285071558e-09
1.592291091674801748e+02 1.550038784867063412e-09
1.728892133007541645e+02 1.544361966309991250e-09
1.877212039433951247e+02 1.538693751199590295e-09
2.038256160530754357e+02 1.533035411650995776e-09
2.213116093797426913e+02 1.527385968484205666e-09
2.402977083778219196e+02 1.521745842206865473e-09
2.609126055947344867e+02 1.516115391131790360e-09
2.832960339813063229e+02 1.510493476285689818e-09
3.075997140368028795e+02 1.504881447013941604e-09
3.339883822085782299e+02 1.499278483273248673e-09
3.626409075170896017e+02 1.493684654135682608e-09
3.937515039750401797e+02 1.488100701540261457e-09
4.275310470187363308e+02 1.482525212571939662e-09
4.642085028747560500e+02 1.476959496230555403e-09
5.040324805505380823e+02 1.471403025357816452e-09
5.472729169686739397e+02 1.465855680185537367e-09
5.942229066671617375e+02 1.460318145579638839e-09
6.452006884678030474e+02 1.454789209047938581e-09
7.005518025788537670e+02 1.449270024631472951e-09
7.606514327533501501e+02 1.443760134358600708e-09
8.259069493788038017e+02 1.438259296527336493e-09
8.967606707360127984e+02 1.432768323455495277e-09
9.736928611434470895e+02 1.427286013512415831e-09
1.057224986309423002e+03 1.421813421223129027e-09
1.147923247957649210e+03 1.416350202696814389e-09
1.246402421684697401e+03 1.410895977358232077e-09
1.353330024063416886e+03 1.405451651020644974e-09
1.469430837237895275e+03 1.400016030190852680e-09
1.595491821678881934e+03 1.394590095203868535e-09
1.732367450399484369e+03 1.389173608478231096e-09
1.880985500787878209e+03 1.383766133182018436e-09
2.042353343315435950e+03 1.378368522411094888e-09
2.217564769746795264e+03 1.372979691285919898e-09
2.407807407135160247e+03 1.367600563535264188e-09
2.614370767856717066e+03 1.362230860086199938e-09
2.838654990249417551e+03 1.356870212326945084e-09
3.082180329102244286e+03 1.351519439015794957e-09
3.346597460324031545e+03 1.346177465201849623e-09
3.633698669639296895e+03 1.340845216523920283e-09
3.945430001151073611e+03 1.335522371147020508e-09
4.283904448116545609e+03 1.330208653692880723e-09
4.651416275346050497e+03 1.324904850947557457e-09
5.050456570306200774e+03 1.319609743478619801e-09
5.483730128336315829e+03 1.314324518867206281e-09
5.954173786430621476e+03 1.309048611296241397e-09
6.464976329856913253e+03 1.303781923809941884e-09
7.019600106544061418e+03 1.298525125098239029e-09
7.621804495745768691e+03 1.293277073417700065e-09
8.275671390057361350e+03 1.288038929330955869e-09
8.985632863509032177e+03 1.282810030541739989e-09
9.756501213276635099e+03 1.277590477278007303e-09
1.059350157864069297e+04 1.272380814684295472e-09
1.150230735829261357e+04 1.267179881254601218e-09
1.248907866605605886e+04 1.261988930893507358e-09
1.356050408568543025e+04 1.256807129657400361e-09
1.472384600776646948e+04 1.251634828806824597e-09
1.598698985602371067e+04 1.246472285762265011e-09
1.735849753670272185e+04 1.241318618964484918e-09
1.884766547332124901e+04 1.236174997752837125e-09
2.046458762016234687e+04 1.231040398108298369e-09
2.222022388163195501e+04 1.225915435949149918e-09
2.412647440124323475e+04 1.220800131987538536e-09
2.619626022377840854e+04 1.215693863492560650e-09
2.844361087737513662e+04 1.210597597392257695e-09
3.088375946919189664e+04 1.205510275084748574e-09
3.353324593923435896e+04 1.200432789850187231e-09
3.641002917222236283e+04 1.195364755894087614e-09
3.953360872742146603e+04 1.190306055175120238e-09
4.292515701155249553e+04 1.185257279610712447e-09
4.660766279068239237e+04 1.180217328237997536e-09
5.060608701385364839e+04 1.175187401377478387e-09
5.494753200466665294e+04 1.170166753358467956e-09
5.966142516763522872e+04 1.165155632307427463e-09
6.477971845452542766e+04 1.160154307560201355e-09
7.033710494270986237e+04 1.155162042059132710e-09
7.637125399355850823e+04 1.150179780464329673e-09
8.292306658483188949e+04 1.145206601982619548e-09
9.003695254777956870e+04 1.140243230227752497e-09
9.776113158813133487e+04 1.135289398353827791e-09
1.061479601313719177e+05 1.130344912249194869e-09
1.152542862077428435e+05 1.125410446453608173e-09
1.251418347824697412e+05 1.120484847750725657e-09
1.358776261430773884e+05 1.115569368262805726e-09
1.475344301797328226e+05 1.110663124138880717e-09
1.601912596378352027e+05 1.105766534844261505e-09
1.739339056862506841e+05 1.100879712713651176e-09
1.888555194313995016e+05 1.096002088843336128e-09
2.050572433188513096e+05 1.091134486842613840e-09
2.226488967022247671e+05 1.086275969695263492e-09
2.417497202263450017e+05 1.081427384981728088e-09
2.624891840702852351e+05 1.076588299589007224e-09
2.850078655287536676e+05 1.071758732061660572e-09
3.094584018803072977e+05 1.066939055448464931e-09
3.360065250011570752e+05 1.062128497374300712e-09
3.648321847374535864e+05 1.057328066408539971e-09
3.961307686505347374e+05 1.052536804719037043e-09
4.301144264028902398e+05 1.047755433399524154e-09
4.670135077618589858e+05 1.042983627147415845e-09
5.070781239681987790e+05 1.038221327361349152e-09
5.505798430528996978e+05 1.033468983381703929e-09
5.978135305934954667e+05 1.028725795757417861e-09
6.490993483870124910e+05 1.023992723678193027e-09
7.047849245870308951e+05 1.019268914187302454e-09
7.652477100146269659e+05 1.014554939389575304e-09
8.308975366148271132e+05 1.009850630630610959e-09
9.021793954004648840e+05 1.005155864839651613e-09
9.795764527130333008e+05 1.000471079313842114e-09
1.063613325245482847e+06 9.957954713720387928e-10
1.154859636025940301e+06 9.911300042392543884e-10
1.253933875465640100e+06 9.864738080239352283e-10
1.361507593642284861e+06 9.818275708639713736e-10
1.478309952235116391e+06 9.771909338975447862e-10
1.605132666965916287e+06 9.725639225602520935e-10
1.742835374047019286e+06 9.679468734245178794e-10
1.892351457011438208e+06 9.633391194398197579e-10
2.054694373420900200e+06 9.587415285409846438e-10
2.230964524335702881e+06 9.541531578270644347e-10
2.422356713109501638e+06 9.495748930707036352e-10
2.630168244066490326e+06 9.450061099109857166e-10
2.855807715955942404e+06 9.404471606063208646e-10
3.100804569788327441e+06 9.358980288003531480e-10
3.366819455770561472e+06 9.313583579723186316e-10
3.655655489610234741e+06 9.268288827378903500e-10
3.969270474486684427e+06 9.223086393632106530e-10
4.309790171532708220e+06 9.177985646379232890e-10
4.679522708777352236e+06 9.132979124056609778e-10
5.080974226217449643e+06 9.088072480590052243e-10
5.516865863063883968e+06 9.043262432138264494e-10
5.990152202306616120e+06 8.998550063260829283e-10
6.504041297620209865e+06 8.953937124682133011e-10
7.062016418357448652e+06 8.909418979336082337e-10
7.667859660023692995e+06 8.865003221086346189e-10
8.325677580270200968e+06 8.820679787637581353e-10
9.039929034173194319e+06 8.776458999540608702e-10
9.815455397473569959e+06 8.732332779541202569e-10
1.065751338263738155e+07 8.688306968015725751e-10
1.157181067017331161e+07 8.644378448040501986e-10
1.256454459672462568e+07 8.600547861704957817e-10
1.364244416217336617e+07 8.556816939876591316e-10
1.481281564049177058e+07 8.513181730518382318e-10
1.608359210350193642e+07 8.469648539431845949e-10
1.746338719322924316e+07 8.426209510587312390e-10
1.896155350733130053e+07 8.382873067664649773e-10
2.058824599335371330e+07 8.339630949650065553e-10
2.235449078151531145e+07 8.296490858138550245e-10
2.427225992258755490e+07 8.253447187867627192e-10
2.635455253746176139e+07 8.210503268411905886e-10
2.861548292845511436e+07 8.167657882192343331e-10
3.107037624959704280e+07 8.124910903813494421e-10
3.373587238437153399e+07 8.082264208982205234e-10
3.663003873502697796e+07 8.039714075240883058e-10
3.977249268796617538e+07 7.997266135886678556e-10
4.318453458531816304e+07 7.954913089062642133e-10
4.688929210400748998e+07 7.912663435291531898e-10
5.091187702095598727e+07 7.870508540084959987e-10
5.527955542701431364e+07 7.828456452422431282e-10
6.002193254337325692e+07 7.786500688030676850e-10
6.517115339318937808e+07 7.744646354110989421e-10
7.076212068862387538e+07 7.702890254828137780e-10
7.683273141019244492e+07 7.661234044761343245e-10
8.342413368201690912e+07 7.619677488414356476e-10
9.058100568414461613e+07 7.578219613870741670e-10
9.835185849247536063e+07 7.536863099713554718e-10
1.067893648990155011e+08 7.495603832106604800e-10
1.159507164412912577e+08 7.454447246966060943e-10
1.258980110609561056e+08 7.413386767297145227e-10
1.366986740192343891e+08 7.372430396960097053e-10
1.484259149222721756e+08 7.331569242426482495e-10
1.611592239542423189e+08 7.290812144773153901e-10
1.749849106817675233e+08 7.250151479479353505e-10
1.899966890818483829e+08 7.209593944863718701e-10
2.062963127587329745e+08 7.169134103529166600e-10
2.239942646553964615e+08 7.128776049842272216e-10
2.432105059346885979e+08 7.088517390649684608e-10
2.640752891062099040e+08 7.048359850046790714e-10
2.867300409105480313e+08 7.008302283680998711e-10
3.113283209452401996e+08 6.968345055218818666e-10
3.380368625302842259e+08 6.928488681803012654e-10
3.670367028684746027e+08 6.888732258039995114e-10
3.985244101610095501e+08 6.849077512426166399e-10
4.327134159961473942e+08 6.809522067079880789e-10
4.698354620421078205e+08 6.770069137181681777e-10
5.101421708502898216e+08 6.730714972546765676e-10
5.539067514161469936e+08 6.691464260091352300e-10
6.014258510583442450e+08 6.652311550867804108e-10
6.530215661688165665e+08 6.613262822172472958e-10
7.090436254629980326e+08 6.574312114302282488e-10
7.698717605288722515e+08 6.535465809401029132e-10
8.359182797430787086e+08 6.496717470811481736e-10
9.076308630006287098e+08 6.458074080811158321e-10
9.854955962016457319e+08 6.419527885047578857e-10
1.070040266063729405e+09 6.381087174634617847e-10
1.161837937592820883e+09 6.342743882836887746e-10
1.261510838461796761e+09 6.304506295056794960e-10
1.369734576625889063e+09 6.266366532177179897e-10
1.487242719763049841e+09 6.228332027866056293e-10
1.614831767579988718e+09 6.190395744263334261e-10
1.753366550687133312e+09 6.152564856372927825e-10
1.903786092637797832e+09 6.114832460568958261e-10
2.067109974865633965e+09 6.077205270986897782e-10
2.244445247663604259e+09 6.039677033584475078e-10
2.436993934049022675e+09 6.002253867570875669e-10
2.646061177377318859e+09 5.964929939036882944e-10
2.873064087931618690e+09 5.927711348390468875e-10
3.119541348452107430e+09 5.890592277552138110e-10
3.387163643714003563e+09 5.853578293933823250e-10
3.677744984848742008e+09 5.816663820171758997e-10
3.993255005166800499e+09 5.779854981235093469e-10
4.335832310827156067e+09 5.743145811280971186e-10
4.707798976846870422e+09 5.706542488653974020e-10
5.111676286708631516e+09 5.670038549695310243e-10
5.550201822253643990e+09 5.633640960290429248e-10
6.026348019698808670e+09 5.597342700624072473e-10
6.543342317555777550e+09 5.561150948336559501e-10
7.104689033020106316e+09 5.525059065664423126e-10
7.714193115112915039e+09 5.489073030163469710e-10
8.375985935581353188e+09 5.453187912086305284e-10
9.094553292373767853e+09 5.417408172957223760e-10
9.874765815504575729e+09 5.381729933269150423e-10
1.072191198140829468e+10 5.346157011142197657e-10
1.164173395956040382e+10 5.310686072463527766e-10
1.264046653434478760e+10 5.275319797873279019e-10
1.372487936598795319e+10 5.240056404366076912e-10
1.490232287701590919e+10 5.204897537480993383e-10
1.618077807526490593e+10 5.169842326874655886e-10
1.756891065115605164e+10 5.134890615743207498e-10
1.907612971592227936e+10 5.100043817323591529e-10
2.071265157892706680e+10 5.065300175286558450e-10
2.248956899637462616e+10 5.030661793391710367e-10
2.441892636079840851e+10 4.996126185266752985e-10
2.651380134097823715e+10 4.961697036581041657e-10
2.878839352566313171e+10 4.927369704962739798e-10
3.125812067195159149e+10 4.893149850644543431e-10
3.393972321071962357e+10 4.859031498761235184e-10
3.685137771746727753e+10 4.825020540397043052e-10
4.001282011771188354e+10 4.791112141144380629e-10
4.344547946204685211e+10 4.757310163735186658e-10
4.717262317763086700e+10 4.723612197619711961e-10
5.121951478065008545e+10 4.690019673324923693e-10
5.561358511877839661e+10 4.656532484806349526e-10
6.038461830435130310e+10 4.623149786004775958e-10
6.556495359855813599e+10 4.589873612633689867e-10
7.118970461507989502e+10 4.556701205845745940e-10
7.729699732897758484e+10 4.523636531651536253e-10
8.392822850413032532e+10 4.490674618935412107e-10
9.112834629089651489e+10 4.457820638094219684e-10
9.894615489596333313e+10 4.425070691078259268e-10
1.074346453895222015e+11 4.392427679381318227e-10
1.166513548920451660e+11 4.359890298715890833e-10
1.266587565753437653e+11 4.327458627922525824e-10
1.375246831214157104e+11 4.295134161398641499e-10
1.493227865093962402e+11 4.262914160114611807e-10
1.621330372471771851e+11 4.230802626547990781e-10
1.760422664315912781e+11 4.198795084299215937e-10
1.911447543113899536e+11 4.166895712677999064e-10
2.075428693424579773e+11 4.135102171864633813e-10
2.253477620669056091e+11 4.103415325104728862e-10
2.446801185193698120e+11 4.071835975570095807e-10
2.656709782672634888e+11 4.040362341741007542e-10
2.884626226298674316e+11 4.008997432389110545e-10
3.132095390968618774e+11 3.977737359436039615e-10
3.400794684833130493e+11 3.946585885879724870e-10
3.692545419190634155e+11 3.915541437280387526e-10
4.009325153792658691e+11 3.884603903147479108e-10
4.353281101240399170e+11 3.853775186026572146e-10
4.726744681331232910e+11 3.823051968370994791e-10
5.132247324007374878e+11 3.792438117218514497e-10
5.572537628024053955e+11 3.761930912396504337e-10
6.050599991642098389e+11 3.731532028600396633e-10
6.569674841628728027e+11 3.701241928557462613e-10
7.133280597684373779e+11 3.671058185359721842e-10
7.745237521174644775e+11 3.640984347350429051e-10
8.409693609821723633e+11 3.611017591235383515e-10
9.131152713874556885e+11 3.581159702371989908e-10
9.914505064336763916e+11 3.551410925512349289e-10
1.076506042018100220e+12 3.521769296922675550e-10
1.168858405922866211e+12 3.492237858969279303e-10
1.269133585665059326e+12 3.462814435504878233e-10
1.378011271597387207e+12 3.433499831724000579e-10
1.496229464020015625e+12 3.404295648214552443e-10
1.624589475532028809e+12 3.375198501397902071e-10
1.763961362529448975e+12 3.346212080400833143e-10
1.915289822665959961e+12 3.317334881971618578e-10
2.079600598250968018e+12 3.288566431208567710e-10
2.258007428988471191e+12 3.259908872588989805e-10
2.451719601184603027e+12 3.231359873223225306e-10
2.662050144593890137e+12 3.202921076977287026e-10
2.890424732464629395e+12 3.174593315639510265e-10
3.138391345110376953e+12 3.146373806352632575e-10
3.407630762509111816e+12 3.118265574374447932e-10
3.699967957052226562e+12 3.090267964080644845e-10
4.017384463665679199e+12 3.062379586449395318e-10
4.362031811151286133e+12 3.034602928249045140e-10
4.736246105789489258e+12 3.006936687047921536e-10
5.142563866054365234e+12 2.979380643144007796e-10
5.583739215772762695e+12 2.951936514934144356e-10
6.062762552267596680e+12 2.924602823871274917e-10
6.582880816021598633e+12 2.897380115711643822e-10
7.147619499255708984e+12 2.870269573585317277e-10
7.760806542600668945e+12 2.843269777404540293e-10
8.426598281839806641e+12 2.816381331786266008e-10
9.149507620597294922e+12 2.789605601998037182e-10
9.934434619931808594e+12 2.762940903266862512e-10
1.078669971218154297e+13 2.736387865834000510e-10
1.171207976419064648e+13 2.709947938752067516e-10
1.271684723436326758e+13 2.683619696009303108e-10
1.380781268896262500e+13 2.657403439185252910e-10
1.499237096583883398e+13 2.631300328694349815e-10
1.627855129849782227e+13 2.605309942172399848e-10
1.767507174026232422e+13 2.579431347712113004e-10
1.919139825742639062e+13 2.553666415478675035e-10
2.083780889195335547e+13 2.528015205208184470e-10
2.262546342862439844e+13 2.502475554994874867e-10
2.456647903886371484e+13 2.477050044732056281e-10
2.667401241396928516e+13 2.451738596538467535e-10
2.896234894447011719e+13 2.426539990333129140e-10
3.144699955009232422e+13 2.401455039618463799e-10
3.414480581666812109e+13 2.376484555234574123e-10
3.707405415263347656e+13 2.351628495550170224e-10
4.025459973889915625e+13 2.326885445890852159e-10
4.370800111225124219e+13 2.302257209496322693e-10
4.745766629453013281e+13 2.277744176199787348e-10
5.152901145808072656e+13 2.253345378500689205e-10
5.594963320295061719e+13 2.229060886424662957e-10
6.074949561357904688e+13 2.204891911589728539e-10
6.596113336288331250e+13 2.180838313943634295e-10
7.161987224044618750e+13 2.156899723078108538e-10
7.776406859958870312e+13 2.133076179183262214e-10
8.443536934636417188e+13 2.109368718478286245e-10
9.167899423275159375e+13 2.085777374950422618e-10
9.954404236748634375e+13 2.062301737068945004e-10
1.080838250221553594e+14 2.038941624260726087e-10
1.173562269883835312e+14 2.015698135918031351e-10
1.274240989354860469e+14 1.992571548511532022e-10
1.383556834280968438e+14 1.969561858367387352e-10
1.502250774914030312e+14 1.946667916369008447e-10
1.631127348593985625e+14 1.923891221170304868e-10
1.771060113104967188e+14 1.901231990608145547e-10
1.922997567869311875e+14 1.878690300008371218e-10
2.087969583114946875e+14 1.856266421916494728e-10
2.267094380594412812e+14 1.833959271705041700e-10
2.461586113172689688e+14 1.811770341223612044e-10
2.672763094660379375e+14 1.789699748277729010e-10
2.902056735675659375e+14 1.767747509104780260e-10
3.151021246105096875e+14 1.745914088684355477e-10
3.421344169928550625e+14 1.724198849986263525e-10
3.714857823816008750e+14 1.702602326661357788e-10
4.033551717030362500e+14 1.681125041336736273e-10
4.379586036820626250e+14 1.659767260853479676e-10
4.755306290713866875e+14 1.638529171616428067e-10
5.163259204954218125e+14 1.617410823809387406e-10
5.606209986852846250e+14 1.596412471415220015e-10
6.087161068057888750e+14 1.575533890601326697e-10
6.609372455789882500e+14 1.554775771002567519e-10
7.176383829989843750e+14 1.534138487567136276e-10
7.792038536158493750e+14 1.513622188281183855e-10
8.460509636517720000e+14 1.493227078021602083e-10
9.186328196074235000e+14 1.472953430939137744e-10
9.974413995315952500e+14 1.452801467255973355e-10
1.083010887772026375e+15 1.432771661671018324e-10
1.175921295811012250e+15 1.412864164337415212e-10
1.276802393728960750e+15 1.393078853922471033e-10
1.386337978944144000e+15 1.373416460748186619e-10
1.505270511163300250e+15 1.353877217461527979e-10
1.634406144960062750e+15 1.334461592036052098e-10
1.774620194093100000e+15 1.315169776149547941e-10
1.926863064602562250e+15 1.296002403079264421e-10
2.092166696901020250e+15 1.276959548212647586e-10
2.271651560524634000e+15 1.258042072758887999e-10
2.466534248957191000e+15 1.239250007460148215e-10
2.678135726006247000e+15 1.220584278685113830e-10
2.907890279627507000e+15 1.202045181993987817e-10
3.157355243888966500e+15 1.183633207054968863e-10
3.428221554972172000e+15 1.165349278763303577e-10
3.722325212762507000e+15 1.147194136490636137e-10
4.041659725717473000e+15 1.129168636865169997e-10
4.388389623367580500e+15 1.111273824411693053e-10
4.764865128041364000e+15 1.093510629166345815e-10
5.173638085262314000e+15 1.075880350191617778e-10
5.617479260798994000e+15 1.058384712749196894e-10
6.099397121611206000e+15 1.041025329751419071e-10
6.622658227994472000e+15 1.023803689744211449e-10
7.190809375146467000e+15 1.006722213833461491e-10
7.807701634235241000e+15 9.897816702504766104e-11
8.477516455927184000e+15 9.729832140525974077e-11
9.204794013309686000e+15 9.563255415035537711e-11
9.994463976324354000e+15 9.398000288530179525e-11
1.085187892630841000e+16 9.233818614729195543e-11
1.178285063713513400e+16 9.070085147420915277e-11
1.279368946887649600e+16 8.905378900369879160e-11
1.389124714100927000e+16 8.737203292853779425e-11
1.508296317508966600e+16 8.564539950851283222e-11
1.637691532169963400e+16 8.396438640989366071e-11
1.778187431346877600e+16 8.251691281771234538e-11
1.930736331530244800e+16 8.135698562903429370e-11
2.096372247478625200e+16 8.038526354661038909e-11
2.276217901030212800e+16 7.950181684550126555e-11
2.471492331193539600e+16 7.865364780924012457e-11
2.683519157099999600e+16 7.781333452872834110e-11
2.913735549826680800e+16 7.695805450054523784e-11
3.163701973903028400e+16 7.604324677015102291e-11
3.435112764531155600e+16 7.493698319722367679e-11
3.729807612215550400e+16 7.322295431409043647e-11
4.049784032647294400e+16 6.959242217180285856e-11
4.397210906366992800e+16 6.062966031127120437e-11
4.774443179981988800e+16 3.974890371754971804e-11
5.184037828585837600e+16 9.048199977334047762e-12
5.628771187577549600e+16 4.033362830312256995e-12
6.111657771360497600e+16 5.645575541562678304e-11
6.635970706477796800e+16 1.619675634784820626e-10
7.205263917686393600e+16 3.019622787443990588e-10
7.823396217351521600e+16 5.175553967576356342e-10
8.494557461445860800e+16 8.076806683513447010e-10
9.223296949446062400e+16 1.219727912384744626e-09
1.001455426062662400e+17 1.799224406140343743e-09
1.087369273576931040e+17 2.614367661342138034e-09
1.180653583123378720e+17 3.751271548467444109e-09
1.281940659180710720e+17 5.327460603926503853e-09
1.391917050988999200e+17 7.520680826206409403e-09
1.511328206152780480e+17 1.053004984901104519e-08
1.640983523472213760e+17 1.469269021901544477e-08
1.781761839251404480e+17 2.037058998249436601e-08
1.934617384271547520e+17 2.813955688326237276e-08
2.100586251806922240e+17 3.877434391217747745e-08
2.280793420525199680e+17 5.329196248431714658e-08
2.476460379875508480e+17 7.308677409523350114e-08
2.688913409650656000e+17 1.000751717499695883e-07
2.919592569844595200e+17 1.368653236070782893e-07
3.170061461740862720e+17 1.863776590091435191e-07
3.442017826394730880e+17 2.524767028528600534e-07
3.737305052348377600e+17 3.415125875530916096e-07
4.057924670581596800e+17 4.615702254316894867e-07
4.406049921391233280e+17 6.224534210727258126e-07
4.784040485159944960e+17 8.389226493487293122e-07
5.194458476862397440e+17 1.129436342913665270e-06
5.640085812723905280e+17 1.518816391132648141e-06
6.123943066747591680e+17 2.040045629410011995e-06
6.649309944923249920e+17 2.737841266479606410e-06
7.219747515898576640e+17 3.670359505601002490e-06
7.839122348796712960e+17 4.914994929708046785e-06
8.511632721792659200e+17 6.575324351804623165e-06
9.241837079097596160e+17 8.786708046448962875e-06
1.003468492923807872e+18 1.172998590891707119e-05
1.089555039406840832e+18 1.563977246991107259e-05
1.183026863591809280e+18 2.082910288209347628e-05
1.284517540978733056e+18 2.770581852087950330e-05
1.394715000868620288e+18 3.680483328915276273e-05
1.514366189321020160e+18 4.882803551747571391e-05
1.644282132141972992e+18 6.468685074552213584e-05
1.785343432220701952e+18 8.556616649271588169e-05
1.938506238477056000e+18 1.130039490180102834e-04
2.104808726879126272e+18 1.489877096058091731e-04
2.285378137460659968e+18 1.960703531887223936e-04
2.481438415037060608e+18 2.575372775176891786e-04
2.694318505410872832e+18 3.375676247705940267e-04
2.925461363300044288e+18 4.414797701466067451e-04
3.176433733047549952e+18 5.759877913418225007e-04
3.448936768407985664e+18 7.495254138260753129e-04
3.744817563394878464e+18 9.726206632321432455e-04
4.066081672348005376e+18 1.258259728569466980e-03
4.414906704084175872e+18 1.622387666853045748e-03
4.793657082276921344e+18 2.084337729269798538e-03
5.204900072113900544e+18 2.667270460344515776e-03
5.651423181864986624e+18 3.398504682180031322e-03
6.136253057313701888e+18 4.309727980058494605e-03
6.662675997122135040e+18 5.436861073502307837e-03
7.234260228188961792e+18 6.819567854771213349e-03
7.854880091987411968e+18 8.499942137173694193e-03
8.528742305824619520e+18 1.052052597693792571e-02
9.260414477028431872e+18 1.292096791435430950e-02
1.005485606333688422e+19 1.573334617658951606e-02
1.091745198934806323e+19 1.897589311117856004e-02
1.185404914689205248e+19 2.264489198826522692e-02
1.287099602673152000e+19 2.670534548480323414e-02
1.397518575022718976e+19 3.108061684949946224e-02
1.517410279264540467e+19 3.564275815136021264e-02
1.647587371481084314e+19 4.020535848289411018e-02
1.788932224697764659e+19 4.452127512438282947e-02
1.942402909828815258e+19 4.828951713121008155e-02
2.109039689722663731e+19 5.117337649593728388e-02
2.289972070324747878e+19 5.283308016643957494e-02
2.486426456752430694e+19 5.297173372320378854e-02
2.699734466177033011e+19 5.139158175907583559e-02
2.931341953859301376e+19 4.804938278502383225e-02
3.182818813519640986e+19 4.309845971452616609e-02
3.455869618471982285e+19 3.690024219011114187e-02
3.752345175649719091e+19 2.999124370589162369e-02
4.074255070840134042e+19 2.300401770208695962e-02
4.423781290161345331e+19 1.655278391229988294e-02
4.803293010112438272e+19 1.111377863606240884e-02
5.215362656446726144e+19 6.938007712550983870e-03
5.662783340719435776e+19 4.028305039429641229e-03
6.148587792699576320e+19 2.189537565801149503e-03
6.676068916973883392e+19 1.129159224168606009e-03
7.248802113080959795e+19 5.616856689267326090e-04
7.870669510467692134e+19 2.730977972818959712e-04
8.545886282537199206e+19 1.311634222801810149e-04
9.279029218153227878e+19 6.299231887761167609e-05
1.007506774426438369e+20 3.033632091194092710e-05
1.093939760992781435e+20 1.450108617428249818e-05
1.187787746005204992e+20 6.938626891182607783e-06
1.289686854676290929e+20 3.368361663031341667e-06
