1.000000000000000000e+05 0.000000000000000000e+00
1.039255682936713129e+05 0.000000000000000000e+00
1.080052374516253913e+05 0.000000000000000000e+00
1.122450568085305858e+05 0.000000000000000000e+00
1.166513131698196230e+05 0.000000000000000000e+00
1.212305401337652875e+05 0.000000000000000000e+00
1.259895277795028524e+05 0.000000000000000000e+00
1.309353327353609493e+05 0.000000000000000000e+00
1.360752886424333265e+05 0.000000000000000000e+00
1.414170170289023954e+05 0.000000000000000000e+00
1.469684386112447537e+05 0.000000000000000000e+00
1.527377850390712556e+05 0.000000000000000000e+00
1.587336111010208551e+05 0.000000000000000000e+00
1.649648074098020734e+05 0.000000000000000000e+00
1.714406135851971922e+05 0.000000000000000000e+00
1.781706319545728911e+05 0.000000000000000000e+00
1.851648417912154109e+05 0.000000000000000000e+00
1.924336141115979990e+05 0.000000000000000000e+00
1.999877270535287098e+05 0.000000000000000000e+00
2.078383818579755316e+05 0.000000000000000000e+00
2.159972194782717270e+05 0.000000000000000000e+00
2.244763378413223836e+05 0.000000000000000000e+00
2.332883097864158335e+05 0.000000000000000000e+00
2.424462017082330713e+05 0.000000000000000000e+00
2.519635929317013652e+05 0.000000000000000000e+00
2.618545958474232757e+05 0.000000000000000000e+00
2.721338768375308719e+05 0.000000000000000000e+00
2.828166780230035074e+05 0.000000000000000000e+00
2.939188398646884016e+05 0.000000000000000000e+00
3.054568246515431674e+05 0.000000000000000000e+00
3.174477409109193250e+05 0.000000000000000000e+00
3.299093687770942342e+05 0.000000000000000000e+00
3.428601863556583412e+05 0.000000000000000000e+00
3.563193971228583832e+05 0.000000000000000000e+00
3.703069584005140932e+05 0.000000000000000000e+00
3.848436109487432986e+05 0.000000000000000000e+00
3.999509097203661222e+05 0.000000000000000000e+00
4.156512558225988178e+05 0.000000000000000000e+00
4.319679297334173461e+05 0.000000000000000000e+00
4.489251258218607400e+05 0.000000000000000000e+00
4.665479882234468241e+05 0.000000000000000000e+00
4.848626481239077984e+05 0.000000000000000000e+00
5.038962625065150205e+05 0.000000000000000000e+00
5.236770544204655453e+05 0.000000000000000000e+00
5.442343548300272087e+05 0.000000000000000000e+00
5.655986461065001786e+05 0.000000000000000000e+00
5.878016072274912149e+05 0.000000000000000000e+00
6.108761607505040010e+05 0.000000000000000000e+00
6.348565216305210488e+05 0.000000000000000000e+00
6.597782479539533379e+05 0.000000000000000000e+00
6.856782936641738052e+05 0.000000000000000000e+00
7.125950633568410994e+05 0.000000000000000000e+00
7.405684692262442550e+05 0.000000000000000000e+00
7.696399902471150272e+05 0.000000000000000000e+00
7.998527336796708405e+05 0.000000000000000000e+00
8.312514989890631987e+05 0.000000000000000000e+00
8.638828442740453174e+05 0.000000000000000000e+00
8.977951553033313248e+05 0.000000000000000000e+00
9.330387172620360507e+05 0.000000000000000000e+00
9.696657893145519774e+05 0.000000000000000000e+00
1.007730682094461750e+06 0.000000000000000000e+00
1.047289838236357435e+06 0.000000000000000000e+00
1.088401916069005383e+06 0.000000000000000000e+00
1.131127876593921334e+06 0.000000000000000000e+00
1.175531073878369993e+06 0.000000000000000000e+00
1.221677348996793153e+06 0.000000000000000000e+00
1.269635127659972757e+06 0.000000000000000000e+00
1.319475521676705917e+06 0.000000000000000000e+00
1.371272434398400830e+06 2.473858293303015497e-293
1.425102670302996412e+06 1.728891852493861201e-273
1.481046048880673945e+06 5.161376891729891924e-255
1.539185522990205325e+06 8.226870364686257362e-238
1.599607301861487795e+06 8.614124284849586789e-222
1.662400978926613461e+06 7.220007939104111257e-207
1.727659664669034770e+06 5.759917635592588756e-193
1.795480124687830452e+06 5.185634308084215637e-180
1.865962923181745922e+06 6.123035202206252274e-168
1.939212572065830929e+06 1.097008590217854885e-156
2.015337685941735283e+06 3.400102086843558409e-146
2.094451143151468830e+06 2.062245659792924483e-136
2.176670253153459169e+06 2.745507701373870902e-127
2.262116930469026323e+06 8.906521120784619871e-119
2.350917875457284506e+06 7.869652012518809148e-111
2.443204762186486740e+06 2.005419405894450679e-103
2.539114433680347167e+06 1.657072260574201500e-96
2.638789104828934651e+06 4.753203337358431667e-90
2.742376573264952283e+06 5.090883605019968178e-84
2.850030438518105075e+06 2.178775751538881034e-78
2.961910329772553407e+06 3.967701290411859670e-73
3.078182142565079965e+06 3.261433203543155986e-68
3.199018284775060602e+06 1.276440865642260954e-63
3.324597932270938065e+06 2.502803224120519793e-59
3.455107294592218008e+06 2.575989015049418967e-55
3.590739891061055008e+06 1.453880625703885400e-51
3.731696837732755579e+06 4.684725500867250934e-48
3.878187145610719454e+06 8.948550493037499112e-45
4.030428030568050686e+06 1.048877189245644649e-41
4.188645235435271170e+06 7.802093362316840600e-39
4.353073364731892012e+06 3.789246782094985066e-36
4.523956232538058423e+06 1.238001888402501709e-33
4.701547224022129551e+06 2.788942452499564380e-31
4.886109671160326339e+06 4.441770759584912780e-29
5.077917243205402978e+06 5.113427972887146064e-27
5.277254352483532391e+06 4.345416038022327627e-25
5.484416576121015474e+06 2.779911757722754100e-23
5.699711094326075166e+06 1.363116414058116900e-21
5.923457145875805989e+06 5.210589269086901661e-20
6.155986501483513974e+06 1.576684798067027509e-18
6.397643955748423934e+06 3.835278203899991893e-17
6.648787838417262770e+06 7.595671947309285648e-16
6.909790545715644956e+06 1.240546168249136545e-14
7.181039092537341639e+06 1.690791360045840786e-13
7.462935686310129240e+06 1.943979636827044704e-12
7.755898323389001191e+06 1.904474809523022185e-11
8.060361408861344680e+06 1.604945096315261524e-10
8.376776400682924315e+06 1.173625804975222049e-09
8.705612479099856690e+06 7.508799503591729277e-09
9.047357242349293083e+06 4.234895419543214275e-08
9.402517429670132697e+06 2.120424084441128588e-07
9.771619672696182504e+06 9.488193789237486309e-07
1.015521127634569071e+07 3.817690435648654467e-06
1.055386103036523052e+07 1.389209805615928887e-05
1.096816005273137987e+07 4.596344772494482644e-05
1.139872266616052575e+07 1.389762635116357354e-04
1.184618730902682431e+07 3.858194628397071261e-04
1.231121748203889653e+07 9.875993466579109561e-04
1.279450273207873479e+07 2.341901892542464381e-03
1.329675967466210015e+07 5.162256545886179625e-03
1.381873305653633550e+07 1.061843886897968769e-02
1.436119685999077372e+07 2.045259543663817056e-02
1.492495545051829144e+07 3.701190602983506911e-02
1.551084476952840574e+07 6.312708949536481595e-02
1.611973357388155349e+07 1.017823944716628182e-01
1.675252472408217192e+07 1.555736899946982832e-01
1.741015652304015309e+07 2.260706024361606448e-01
1.809360410738716647e+07 3.131262115429698234e-01
1.880388089340916649e+07 4.144261829340998848e-01
1.954204007974051312e+07 5.254187355080395250e-01
2.030917620904734731e+07 6.396507523736634226e-01
2.110642679101554677e+07 7.494014246104017118e-01
2.193497398905055597e+07 8.467835209797786034e-01
2.279604637318982184e+07 9.249397416238460679e-01
2.369092074182632193e+07 9.785352069004109588e-01
2.462092401494625583e+07 1.004753969114196455e+00
2.558743520168589056e+07 1.003227769236211264e+00
2.659188744512690976e+07 9.759210032198355478e-01
2.763577014736157283e+07 9.265993679125293925e-01
2.872063117797828093e+07 8.602084138056176332e-01
2.984807916924321279e+07 7.821139713871476662e-01
3.101978590138100088e+07 6.975345222390733069e-01
3.223748878149027005e+07 6.113009537820102146e-01
3.350299341977229714e+07 5.270629197702919599e-01
3.481817630688966811e+07 4.477540485451762531e-01
3.618498759642742574e+07 3.752736783477948479e-01
3.760545399658175558e+07 3.106902462083479532e-01
3.908168177536264062e+07 2.543614420772992712e-01
4.061585988376979530e+07 2.061461263626497009e-01
4.221026320156902820e+07 1.655604555272718603e-01
4.386725591048493981e+07 1.318662053598148864e-01
4.558929499981059134e+07 1.042346614884116646e-01
4.737893390963143855e+07 8.181979991441040712e-02
4.923882631706731766e+07 6.381851977343426519e-02
5.117173007114610076e+07 4.948700154991062666e-02
5.318051128214196861e+07 3.815478064126763547e-02
5.526814857144603133e+07 2.924994574350339022e-02
5.743773748826587200e+07 2.230105910799477439e-02
5.969249509970727563e+07 1.691223450077072865e-02
6.203576476104268432e+07 1.275229939341345105e-02
6.447102107323869318e+07 9.554081978502387482e-03
6.700187503509576619e+07 7.108522233002735093e-03
6.963207939763890207e+07 5.253136314768424263e-03
7.236553422869649529e+07 3.852538050617806357e-03
7.520629269592407346e+07 2.799285916611765103e-03
7.815856707684090734e+07 2.012679992179816028e-03
8.122673500479702652e+07 1.432253266742461754e-03
8.441534596012993157e+07 1.007562959396560501e-03
8.772912801613356173e+07 6.991467909098983283e-04
9.117299484984922409e+07 4.774144694022216888e-04
9.475205302806547284e+07 3.207767807759527275e-04
9.847160957933764160e+07 2.119486690652077482e-04
1.023371798632517159e+08 1.373075181001189103e-04
1.063544957486011237e+08 8.694756546208086564e-05
1.105295141126019806e+08 5.374884079632466142e-05
1.148684256737554818e+08 3.246235936961741305e-05
1.193776641714435816e+08 1.908667940537413306e-05
1.240639159058829248e+08 1.088479229247751985e-05
1.289341296525715739e+08 6.003386938874659598e-06
1.339955269659337103e+08 3.209132405296850352e-06
1.392556128874464631e+08 1.656829291670110650e-06
1.447221870741134286e+08 8.224142352542522126e-07
1.504033553638022244e+08 3.909061853946206619e-07
1.563075417945817411e+08 1.782430077125238660e-07
1.624435010958865285e+08 7.784369893301528335e-08
1.688203316700366139e+08 3.236752128172240245e-08
1.754474890833459795e+08 1.275044961136900798e-08
1.823348000868438482e+08 4.758063538189607757e-09
1.894924771873823702e+08 1.683276688342584143e-09
1.969311337907421887e+08 5.609930515172369966e-10
2.046617999391994178e+08 1.750553425128868768e-10
2.126959386668691933e+08 5.098455520669715217e-11
2.210454629971019328e+08 1.390711146324532016e-11
2.297227536071146429e+08 3.529761200769225042e-12
2.387406771860646904e+08 8.269954922770924683e-13
2.481126055137765408e+08 1.779167026657361149e-13
2.578524352884276509e+08 3.527489025949691256e-14
2.679746087325689495e+08 6.432345302742720811e-15
2.784941350080638528e+08 1.057923082168885573e-15
2.894266124716751575e+08 1.573011063713982091e-16
3.007882518043096066e+08 2.110379538596563717e-17
3.125959000482284427e+08 2.547489846050957444e-18
3.248670655878374577e+08 2.737520483045488732e-19
3.376199441111333370e+08 2.591941190012688093e-20
3.508734455902714729e+08 2.154844255343738107e-21
3.646472223212745190e+08 1.575065530490074618e-22
3.789616980644723773e+08 9.990816460655886118e-24
3.938380983288488984e+08 5.434189468875215019e-25
4.092984818452433944e+08 2.511640222958502769e-26
4.253657732750391960e+08 9.888876007876861692e-28
4.420637972028530240e+08 3.275977189008848461e-29
4.594173134636485577e+08 8.989979286053186200e-31
4.774520538566131592e+08 2.015148211334283970e-32
4.961947603002898097e+08 3.693507971392973923e-34
5.156732244854952693e+08 5.471202134177010503e-36
5.359163290848514438e+08 6.430094714062709918e-38
5.569540905800124407e+08 5.879882448566793414e-40
5.788177037701280117e+08 4.170826343500409379e-42
6.015395880274832249e+08 2.270860139879497997e-44
6.251534353689699173e+08 9.287247068124519163e-47
6.496942604146125317e+08 2.787979260515897703e-49
6.751984523072494268e+08 6.049026172317044663e-52
7.017038286703836918e+08 9.440070161918944330e-55
7.292496916841443777e+08 1.032244909839659154e-57
7.578768863625915051e+08 7.683636372805188176e-61
7.876278611187063456e+08 3.796569770200044767e-64
8.185467307069020271e+08 1.237805940645690648e-67
8.506793416364170313e+08 2.587120285941727173e-71
8.840733401525062323e+08 3.345471197107235789e-75
9.187782428863321543e+08 2.583987983746098222e-79
9.548455102782303095e+08 1.176063088858844962e-83
9.923286228832545280e+08 3.062593683568661079e-88
1.031283160672186852e+09 4.370937224897415779e-93
1.071766885445503354e+09 3.265024822570844702e-98
1.113839826482618332e+09 1.239372835824139253e-103
1.157564369553301096e+09 2.328932588352849342e-109
1.203005349423324108e+09 2.051357089402202097e-115
1.250230145991458654e+09 8.000310627214066330e-122
1.299308784200417042e+09 1.314341696888776463e-128
1.350314037869872093e+09 8.848951924072889501e-136
1.403321537605481863e+09 2.292102979262678437e-143
1.458409882943986416e+09 2.112803264909560644e-151
1.515660758900601149e+09 6.490919065346995889e-160
1.575159057091624498e+09 6.380462284115108230e-169
1.636993001611701965e+09 1.863611878801804874e-178
1.701254279852585793e+09 1.476314298422873901e-188
1.768038178457201481e+09 2.885076591389027201e-199
1.837443724610724926e+09 1.309113452923250259e-210
1.909573832878100634e+09 1.266935419826859612e-222
1.984535457805803299e+09 2.334997237283264763e-235
2.062439752514088392e+09 7.270400854554012075e-249
2.143402233514850140e+09 3.448855132454839191e-263
2.227542951999556541e+09 2.282400954197666531e-278
2.314986671851165771e+09 1.822724223276726400e-294
2.405863054644066811e+09 0.000000000000000000e+00
2.500306851906321526e+09 0.000000000000000000e+00
2.598458104929241657e+09 0.000000000000000000e+00
2.700462352420681953e+09 0.000000000000000000e+00
2.806470846309844494e+09 0.000000000000000000e+00
2.916640776023706913e+09 0.000000000000000000e+00
3.031135501567575932e+09 0.000000000000000000e+00
3.150124795755321503e+09 0.000000000000000000e+00
3.273785095948576927e+09 0.000000000000000000e+00
3.402299765678064346e+09 0.000000000000000000e+00
3.535859366535182953e+09 0.000000000000000000e+00
3.674661940736688137e+09 0.000000000000000000e+00
3.818913304781846523e+09 0.000000000000000000e+00
3.968827354637149811e+09 0.000000000000000000e+00
4.124626382901348114e+09 0.000000000000000000e+00
4.286541408420933723e+09 0.000000000000000000e+00
4.454812518844988823e+09 0.000000000000000000e+00
4.629689226627258301e+09 0.000000000000000000e+00
4.811430839003244400e+09 0.000000000000000000e+00
5.000306842491089821e+09 0.000000000000000000e+00
5.196597302486207962e+09 0.000000000000000000e+00
5.400593278542373657e+09 0.000000000000000000e+00
5.612597255954965591e+09 0.000000000000000000e+00
5.832923594286188126e+09 0.000000000000000000e+00
6.061898993497571945e+09 0.000000000000000000e+00
6.299862978380705833e+09 0.000000000000000000e+00
6.547168402004742622e+09 0.000000000000000000e+00
6.804181968927093506e+09 0.000000000000000000e+00
7.071284778942981720e+09 0.000000000000000000e+00
7.348872892180387497e+09 0.000000000000000000e+00
7.637357916378011703e+09 0.000000000000000000e+00
7.937167617217558861e+09 0.000000000000000000e+00
8.248746552614581108e+09 0.000000000000000000e+00
8.572556731909307480e+09 0.000000000000000000e+00
8.909078300934106827e+09 0.000000000000000000e+00
9.258810253973945618e+09 0.000000000000000000e+00
9.622271173675153732e+09 0.000000000000000000e+00
1.000000000000000000e+10 0.000000000000000000e+00
