1.000000000000000000e+05 0.000000000000000000e+00
1.039255682936713129e+05 0.000000000000000000e+00
1.080052374516253913e+05 0.000000000000000000e+00
1.122450568085305858e+05 0.000000000000000000e+00
1.166513131698196230e+05 0.000000000000000000e+00
1.212305401337652875e+05 0.000000000000000000e+00
1.259895277795028524e+05 0.000000000000000000e+00
1.309353327353609493e+05 0.000000000000000000e+00
1.360752886424333265e+05 0.000000000000000000e+00
1.414170170289023954e+05 0.000000000000000000e+00
1.469684386112447537e+05 0.000000000000000000e+00
1.527377850390712556e+05 0.000000000000000000e+00
1.587336111010208551e+05 0.000000000000000000e+00
1.649648074098020734e+05 0.000000000000000000e+00
1.714406135851971922e+05 0.000000000000000000e+00
1.781706319545728911e+05 0.000000000000000000e+00
1.851648417912154109e+05 0.000000000000000000e+00
1.924336141115979990e+05 0.000000000000000000e+00
1.999877270535287098e+05 0.000000000000000000e+00
2.078383818579755316e+05 0.000000000000000000e+00
2.159972194782717270e+05 0.000000000000000000e+00
2.244763378413223836e+05 0.000000000000000000e+00
2.332883097864158335e+05 0.000000000000000000e+00
2.424462017082330713e+05 0.000000000000000000e+00
2.519635929317013652e+05 0.000000000000000000e+00
2.618545958474232757e+05 0.000000000000000000e+00
2.721338768375308719e+05 0.000000000000000000e+00
2.828166780230035074e+05 0.000000000000000000e+00
2.939188398646884016e+05 0.000000000000000000e+00
3.054568246515431674e+05 0.000000000000000000e+00
3.174477409109193250e+05 0.000000000000000000e+00
3.299093687770942342e+05 0.000000000000000000e+00
3.428601863556583412e+05 0.000000000000000000e+00
3.563193971228583832e+05 0.000000000000000000e+00
3.703069584005140932e+05 0.000000000000000000e+00
3.848436109487432986e+05 0.000000000000000000e+00
3.999509097203661222e+05 0.000000000000000000e+00
4.156512558225988178e+05 0.000000000000000000e+00
4.319679297334173461e+05 0.000000000000000000e+00
4.489251258218607400e+05 0.000000000000000000e+00
4.665479882234468241e+05 0.000000000000000000e+00
4.848626481239077984e+05 0.000000000000000000e+00
5.038962625065150205e+05 0.000000000000000000e+00
5.236770544204655453e+05 0.000000000000000000e+00
5.442343548300272087e+05 0.000000000000000000e+00
5.655986461065001786e+05 0.000000000000000000e+00
5.878016072274912149e+05 0.000000000000000000e+00
6.108761607505040010e+05 0.000000000000000000e+00
6.348565216305210488e+05 0.000000000000000000e+00
6.597782479539533379e+05 0.000000000000000000e+00
6.856782936641738052e+05 0.000000000000000000e+00
7.125950633568410994e+05 0.000000000000000000e+00
7.405684692262442550e+05 1.593844471232680785e-289
7.696399902471150272e+05 2.335508025355793027e-270
7.998527336796708405e+05 1.690807502059585697e-252
8.312514989890631987e+05 7.538325795024610680e-236
8.638828442740453174e+05 2.496141876547113303e-220
8.977951553033313248e+05 7.424390210878532359e-206
9.330387172620360507e+05 2.346345721653815011e-192
9.696657893145519774e+05 9.118905101748177224e-180
1.007730682094461750e+06 5.113162905716429655e-168
1.047289838236357435e+06 4.710435168141958596e-157
1.088401916069005383e+06 8.086582522923098185e-147
1.131127876593921334e+06 2.907552917920564243e-137
1.175531073878369993e+06 2.441159471887445826e-128
1.221677348996793153e+06 5.284700667364692540e-120
1.269635127659972757e+06 3.242642580329935410e-112
1.319475521676705917e+06 6.147539513995701701e-105
1.371272434398400830e+06 3.904196679926961320e-98
1.425102670302996412e+06 8.945155666542014658e-92
1.481046048880673945e+06 7.934129719451902760e-86
1.539185522990205325e+06 2.904252873473018738e-80
1.599607301861487795e+06 4.658785266991401996e-75
1.662400978926613461e+06 3.463147454437117580e-70
1.727659664669034770e+06 1.256534248270532710e-65
1.795480124687830452e+06 2.335010632905574752e-61
1.865962923181745922e+06 2.324395699005433734e-57
1.939212572065830929e+06 1.292132223989430610e-53
2.015337685941735283e+06 4.170083103327290849e-50
2.094451143151468830e+06 8.098476935056537237e-47
2.176670253153459169e+06 9.790369275353940879e-44
2.262116930469026323e+06 7.598374724081292504e-41
2.350917875457284506e+06 3.898463057606736966e-38
2.443204762186486740e+06 1.357798910883127927e-35
2.539114433680347167e+06 3.293834356613189068e-33
2.638789104828934651e+06 5.694326360699863048e-31
2.742376573264952283e+06 7.170245278811503235e-29
2.850030438518105075e+06 6.710333619909759470e-27
2.961910329772553407e+06 4.755784991365248236e-25
3.078182142565079965e+06 2.597518245878627275e-23
3.199018284775060602e+06 1.111170302281606732e-21
3.324597932270938065e+06 3.779941561420653550e-20
3.455107294592218008e+06 1.036476171144541464e-18
3.590739891061055008e+06 2.324067498267231101e-17
3.731696837732755579e+06 4.307894805529961191e-16
3.878187145610719454e+06 6.678889141484525885e-15
4.030428030568050686e+06 8.753179844054193327e-14
4.188645235435271170e+06 9.791639594232321458e-13
4.353073364731892012e+06 9.435541211104162902e-12
4.523956232538058423e+06 7.898570186188336921e-11
4.701547224022129551e+06 5.789760827811781006e-10
4.886109671160326339e+06 3.743736078146099702e-09
5.077917243205402978e+06 2.149739882759185864e-08
5.277254352483532391e+06 1.103303259980085203e-07
5.484416576121015474e+06 5.090772003466160569e-07
5.699711094326075166e+06 2.123391560123442510e-06
5.923457145875805989e+06 8.047306625102561091e-06
6.155986501483513974e+06 2.784109359405007530e-05
6.397643955748423934e+06 8.831770303425483704e-05
6.648787838417262770e+06 2.579225352893876324e-04
6.909790545715644956e+06 6.960623065757455888e-04
7.181039092537341639e+06 1.741899073707893399e-03
7.462935686310129240e+06 4.055094379375471549e-03
7.755898323389001191e+06 8.807881929748587191e-03
8.060361408861344680e+06 1.789803422921876219e-02
8.376776400682924315e+06 3.410916537887931366e-02
8.705612479099856690e+06 6.110515982599114965e-02
9.047357242349293083e+06 1.031110355461305195e-01
9.402517429670132697e+06 1.641946986988798152e-01
9.771619672696182504e+06 2.471635397095126030e-01
1.015521127634569071e+07 3.522414433923876653e-01
1.055386103036523052e+07 4.758661522842596581e-01
1.096816005273137987e+07 6.102309853495012648e-01
1.139872266616052575e+07 7.430556917433697173e-01
1.184618730902682431e+07 8.612791460174580305e-01
1.231121748203889653e+07 9.495591813107442380e-01
1.279450273207873479e+07 9.967955736867881722e-01
1.329675967466210015e+07 9.967813288788763826e-01
1.381873305653633550e+07 9.498380156344428116e-01
1.436119685999077372e+07 8.626423668523901522e-01
1.492495545051829144e+07 7.467162956028002840e-01
1.551084476952840574e+07 6.160064407122637364e-01
1.611973357388155349e+07 4.842159161842578552e-01
1.675252472408217192e+07 3.625526465884166827e-01
1.741015652304015309e+07 2.584373458350668895e-01
1.809360410738716647e+07 1.752893140655109594e-01
1.880388089340916649e+07 1.130372847204969416e-01
1.954204007974051312e+07 6.924865257689005738e-02
2.030917620904734731e+07 4.025850418349263132e-02
2.110642679101554677e+07 2.218641246235344630e-02
2.193497398905055597e+07 1.157464525626933707e-02
2.279604637318982184e+07 5.708890607000299301e-03
2.369092074182632193e+07 2.657339188664986727e-03
2.462092401494625583e+07 1.165579119123345440e-03
2.558743520168589056e+07 4.807789213782436228e-04
2.659188744512690976e+07 1.861089801152711570e-04
2.763577014736157283e+07 6.745936711251502150e-05
2.872063117797828093e+07 2.284179041611856720e-05
2.984807916924321279e+07 7.205699911076745941e-06
3.101978590138100088e+07 2.111868281086192467e-06
3.223748878149027005e+07 5.733257840642187745e-07
3.350299341977229714e+07 1.437053302484687851e-07
3.481817630688966811e+07 3.314177517305187944e-08
3.618498759642742574e+07 7.006761902493977353e-09
3.760545399658175558e+07 1.352589188916291747e-09
3.908168177536264062e+07 2.374051336473625712e-10
4.061585988376979530e+07 3.771881233525072450e-11
4.221026320156902820e+07 5.397825027368067227e-12
4.386725591048493981e+07 6.924204469026197217e-13
4.558929499981059134e+07 7.916505503076893812e-14
4.737893390963143855e+07 8.022274195881416505e-15
4.923882631706731766e+07 7.159697514063064989e-16
5.117173007114610076e+07 5.591105723713992276e-17
5.318051128214196861e+07 3.793810498614292698e-18
5.526814857144603133e+07 2.220197724529344874e-19
5.743773748826587200e+07 1.111864457218522048e-20
5.969249509970727563e+07 4.724346602935815659e-22
6.203576476104268432e+07 1.688215279709186324e-23
6.447102107323869318e+07 5.024879511629569892e-25
6.700187503509576619e+07 1.233359827951521333e-26
6.963207939763890207e+07 2.469477338052841967e-28
7.236553422869649529e+07 3.987494802688470309e-30
7.520629269592407346e+07 5.129591465567384523e-32
7.815856707684090734e+07 5.189924726080776373e-34
8.122673500479702652e+07 4.072734125266146663e-36
8.441534596012993157e+07 2.443033754771654273e-38
8.772912801613356173e+07 1.102997053423455406e-40
9.117299484984922409e+07 3.685578340203779213e-43
9.475205302806547284e+07 8.958925178222834458e-46
9.847160957933764160e+07 1.554294506568038154e-48
1.023371798632517159e+08 1.886939793130621173e-51
1.063544957486011237e+08 1.569412550163076548e-54
1.105295141126019806e+08 8.742935543922479517e-58
1.148684256737554818e+08 3.185444048259618649e-61
1.193776641714435816e+08 7.401115984924405787e-65
1.240639159058829248e+08 1.066868623349632314e-68
1.289341296525715739e+08 9.278028282852616792e-73
1.339955269659337103e+08 4.716953913808655095e-77
1.392556128874464631e+08 1.357960673096229877e-81
1.447221870741134286e+08 2.137675500631748104e-86
1.504033553638022244e+08 1.773634448907414126e-91
1.563075417945817411e+08 7.459910668345429269e-97
1.624435010958865285e+08 1.525176484683618507e-102
1.688203316700366139e+08 1.449851749812764055e-108
1.754474890833459795e+08 6.118738780191737449e-115
1.823348000868438482e+08 1.088519592506756632e-121
1.894924771873823702e+08 7.749762417057289025e-129
1.969311337907421887e+08 2.079796795667714751e-136
2.046617999391994178e+08 1.991572836449447353e-144
2.126959386668691933e+08 6.342613456588970204e-153
2.210454629971019328e+08 6.296050483284196946e-162
2.297227536071146429e+08 1.801232030011620108e-171
2.387406771860646904e+08 1.379714020054470197e-181
2.481126055137765408e+08 2.602880930856638431e-192
2.578524352884276509e+08 1.105139668977901259e-203
2.679746087325689495e+08 9.613748517528651074e-216
2.784941350080638528e+08 1.549844600003451894e-228
2.894266124716751575e+08 4.168569283497995989e-242
3.007882518043096066e+08 1.657582061983089190e-256
3.125959000482284427e+08 8.677907555774742471e-272
3.248670655878374577e+08 5.244341401646097366e-288
3.376199441111333370e+08 0.000000000000000000e+00
3.508734455902714729e+08 0.000000000000000000e+00
3.646472223212745190e+08 0.000000000000000000e+00
3.789616980644723773e+08 0.000000000000000000e+00
3.938380983288488984e+08 0.000000000000000000e+00
4.092984818452433944e+08 0.000000000000000000e+00
4.253657732750391960e+08 0.000000000000000000e+00
4.420637972028530240e+08 0.000000000000000000e+00
4.594173134636485577e+08 0.000000000000000000e+00
4.774520538566131592e+08 0.000000000000000000e+00
4.961947603002898097e+08 0.000000000000000000e+00
5.156732244854952693e+08 0.000000000000000000e+00
5.359163290848514438e+08 0.000000000000000000e+00
5.569540905800124407e+08 0.000000000000000000e+00
5.788177037701280117e+08 0.000000000000000000e+00
6.015395880274832249e+08 0.000000000000000000e+00
6.251534353689699173e+08 0.000000000000000000e+00
6.496942604146125317e+08 0.000000000000000000e+00
6.751984523072494268e+08 0.000000000000000000e+00
7.017038286703836918e+08 0.000000000000000000e+00
7.292496916841443777e+08 0.000000000000000000e+00
7.578768863625915051e+08 0.000000000000000000e+00
7.876278611187063456e+08 0.000000000000000000e+00
8.185467307069020271e+08 0.000000000000000000e+00
8.506793416364170313e+08 0.000000000000000000e+00
8.840733401525062323e+08 0.000000000000000000e+00
9.187782428863321543e+08 0.000000000000000000e+00
9.548455102782303095e+08 0.000000000000000000e+00
9.923286228832545280e+08 0.000000000000000000e+00
1.031283160672186852e+09 0.000000000000000000e+00
1.071766885445503354e+09 0.000000000000000000e+00
1.113839826482618332e+09 0.000000000000000000e+00
1.157564369553301096e+09 0.000000000000000000e+00
1.203005349423324108e+09 0.000000000000000000e+00
1.250230145991458654e+09 0.000000000000000000e+00
1.299308784200417042e+09 0.000000000000000000e+00
1.350314037869872093e+09 0.000000000000000000e+00
1.403321537605481863e+09 0.000000000000000000e+00
1.458409882943986416e+09 0.000000000000000000e+00
1.515660758900601149e+09 0.000000000000000000e+00
1.575159057091624498e+09 0.000000000000000000e+00
1.636993001611701965e+09 0.000000000000000000e+00
1.701254279852585793e+09 0.000000000000000000e+00
1.768038178457201481e+09 0.000000000000000000e+00
1.837443724610724926e+09 0.000000000000000000e+00
1.909573832878100634e+09 0.000000000000000000e+00
1.984535457805803299e+09 0.000000000000000000e+00
2.062439752514088392e+09 0.000000000000000000e+00
2.143402233514850140e+09 0.000000000000000000e+00
2.227542951999556541e+09 0.000000000000000000e+00
2.314986671851165771e+09 0.000000000000000000e+00
2.405863054644066811e+09 0.000000000000000000e+00
2.500306851906321526e+09 0.000000000000000000e+00
2.598458104929241657e+09 0.000000000000000000e+00
2.700462352420681953e+09 0.000000000000000000e+00
2.806470846309844494e+09 0.000000000000000000e+00
2.916640776023706913e+09 0.000000000000000000e+00
3.031135501567575932e+09 0.000000000000000000e+00
3.150124795755321503e+09 0.000000000000000000e+00
3.273785095948576927e+09 0.000000000000000000e+00
3.402299765678064346e+09 0.000000000000000000e+00
3.535859366535182953e+09 0.000000000000000000e+00
3.674661940736688137e+09 0.000000000000000000e+00
3.818913304781846523e+09 0.000000000000000000e+00
3.968827354637149811e+09 0.000000000000000000e+00
4.124626382901348114e+09 0.000000000000000000e+00
4.286541408420933723e+09 0.000000000000000000e+00
4.454812518844988823e+09 0.000000000000000000e+00
4.629689226627258301e+09 0.000000000000000000e+00
4.811430839003244400e+09 0.000000000000000000e+00
5.000306842491089821e+09 0.000000000000000000e+00
5.196597302486207962e+09 0.000000000000000000e+00
5.400593278542373657e+09 0.000000000000000000e+00
5.612597255954965591e+09 0.000000000000000000e+00
5.832923594286188126e+09 0.000000000000000000e+00
6.061898993497571945e+09 0.000000000000000000e+00
6.299862978380705833e+09 0.000000000000000000e+00
6.547168402004742622e+09 0.000000000000000000e+00
6.804181968927093506e+09 0.000000000000000000e+00
7.071284778942981720e+09 0.000000000000000000e+00
7.348872892180387497e+09 0.000000000000000000e+00
7.637357916378011703e+09 0.000000000000000000e+00
7.937167617217558861e+09 0.000000000000000000e+00
8.248746552614581108e+09 0.000000000000000000e+00
8.572556731909307480e+09 0.000000000000000000e+00
8.909078300934106827e+09 0.000000000000000000e+00
9.258810253973945618e+09 0.000000000000000000e+00
9.622271173675153732e+09 0.000000000000000000e+00
1.000000000000000000e+10 0.000000000000000000e+00
