1.000000000000000000e+05 0.000000000000000000e+00
1.039255682936713129e+05 0.000000000000000000e+00
1.080052374516253913e+05 0.000000000000000000e+00
1.122450568085305858e+05 0.000000000000000000e+00
1.166513131698196230e+05 0.000000000000000000e+00
1.212305401337652875e+05 0.000000000000000000e+00
1.259895277795028524e+05 0.000000000000000000e+00
1.309353327353609493e+05 0.000000000000000000e+00
1.360752886424333265e+05 0.000000000000000000e+00
1.414170170289023954e+05 0.000000000000000000e+00
1.469684386112447537e+05 0.000000000000000000e+00
1.527377850390712556e+05 0.000000000000000000e+00
1.587336111010208551e+05 0.000000000000000000e+00
1.649648074098020734e+05 0.000000000000000000e+00
1.714406135851971922e+05 0.000000000000000000e+00
1.781706319545728911e+05 0.000000000000000000e+00
1.851648417912154109e+05 0.000000000000000000e+00
1.924336141115979990e+05 0.000000000000000000e+00
1.999877270535287098e+05 0.000000000000000000e+00
2.078383818579755316e+05 0.000000000000000000e+00
2.159972194782717270e+05 0.000000000000000000e+00
2.244763378413223836e+05 0.000000000000000000e+00
2.332883097864158335e+05 0.000000000000000000e+00
2.424462017082330713e+05 0.000000000000000000e+00
2.519635929317013652e+05 0.000000000000000000e+00
2.618545958474232757e+05 0.000000000000000000e+00
2.721338768375308719e+05 0.000000000000000000e+00
2.828166780230035074e+05 0.000000000000000000e+00
2.939188398646884016e+05 0.000000000000000000e+00
3.054568246515431674e+05 0.000000000000000000e+00
3.174477409109193250e+05 0.000000000000000000e+00
3.299093687770942342e+05 0.000000000000000000e+00
3.428601863556583412e+05 0.000000000000000000e+00
3.563193971228583832e+05 0.000000000000000000e+00
3.703069584005140932e+05 0.000000000000000000e+00
3.848436109487432986e+05 0.000000000000000000e+00
3.999509097203661222e+05 0.000000000000000000e+00
4.156512558225988178e+05 0.000000000000000000e+00
4.319679297334173461e+05 0.000000000000000000e+00
4.489251258218607400e+05 0.000000000000000000e+00
4.665479882234468241e+05 0.000000000000000000e+00
4.848626481239077984e+05 0.000000000000000000e+00
5.038962625065150205e+05 0.000000000000000000e+00
5.236770544204655453e+05 0.000000000000000000e+00
5.442343548300272087e+05 0.000000000000000000e+00
5.655986461065001786e+05 0.000000000000000000e+00
5.878016072274912149e+05 0.000000000000000000e+00
6.108761607505040010e+05 0.000000000000000000e+00
6.348565216305210488e+05 0.000000000000000000e+00
6.597782479539533379e+05 9.812376121911665603e-286
6.856782936641738052e+05 7.965516101266351627e-267
7.125950633568410994e+05 3.347508577440104127e-249
7.405684692262442550e+05 8.953343712894881311e-233
7.696399902471150272e+05 1.853076171699944069e-217
7.998527336796708405e+05 3.544659684319874877e-203
8.312514989890631987e+05 7.427356805888237908e-190
8.638828442740453174e+05 1.985269461588398101e-177
8.977951553033313248e+05 7.778129646004612255e-166
9.330387172620360507e+05 5.208575488023441559e-155
9.696657893145519774e+05 6.602149812565723170e-145
1.007730682094461750e+06 1.790627373987934473e-135
1.047289838236357435e+06 1.157374913175809876e-126
1.088401916069005383e+06 1.962101461149744036e-118
1.131127876593921334e+06 9.596859701461091831e-111
1.175531073878369993e+06 1.473784044202533426e-103
1.221677348996793153e+06 7.688173243561304566e-97
1.269635127659972757e+06 1.467622488385737824e-90
1.319475521676705917e+06 1.098529187804088731e-84
1.371272434398400830e+06 3.431847489256367666e-79
1.425102670302996412e+06 4.748363113181308785e-74
1.481046048880673945e+06 3.077064100550251247e-69
1.539185522990205325e+06 9.819277392871053313e-65
1.599607301861487795e+06 1.619401325869812319e-60
1.662400978926613461e+06 1.440093699019472594e-56
1.727659664669034770e+06 7.211926767427999224e-53
1.795480124687830452e+06 2.109928554007026035e-49
1.865962923181745922e+06 3.735695464914412221e-46
1.939212572065830929e+06 4.143242514290992739e-43
2.015337685941735283e+06 2.965138282651313082e-40
2.094451143151468830e+06 1.408938118748780294e-37
2.176670253153459169e+06 4.566370654818983727e-35
2.262116930469026323e+06 1.034573849572330034e-32
2.350917875457284506e+06 1.677058272477947115e-30
2.443204762186486740e+06 1.986346586170462667e-28
2.539114433680347167e+06 1.754978489447752803e-26
2.638789104828934651e+06 1.177750816476591341e-24
2.742376573264952283e+06 6.107716973878644404e-23
2.850030438518105075e+06 2.487594025412711808e-21
2.961910329772553407e+06 8.077053503468144228e-20
3.078182142565079965e+06 2.120164527501003186e-18
3.199018284775060602e+06 4.556820761918603838e-17
3.324597932270938065e+06 8.118663608721041519e-16
3.455107294592218008e+06 1.211939855631889806e-14
3.590739891061055008e+06 1.533207071381749346e-13
3.731696837732755579e+06 1.658390672733390776e-12
3.878187145610719454e+06 1.547718583361313548e-11
4.030428030568050686e+06 1.257158985134652086e-10
4.188645235435271170e+06 8.954362139148861241e-10
4.353073364731892012e+06 5.634772691907932782e-09
4.523956232538058423e+06 3.153394380445292661e-08
4.701547224022129551e+06 1.579601077623104461e-07
4.886109671160326339e+06 7.119802935164342981e-07
5.077917243205402978e+06 2.905172335177394812e-06
5.277254352483532391e+06 1.078170190561818250e-05
5.484416576121015474e+06 3.656433824106162167e-05
5.699711094326075166e+06 1.138000214629599914e-04
5.923457145875805989e+06 3.261514470476148571e-04
6.155986501483513974e+06 8.655588808522071426e-04
6.397643955748423934e+06 2.130305243544317398e-03
6.648787838417262770e+06 4.880621975869621140e-03
6.909790545715644956e+06 1.043909334144745363e-02
7.181039092537341639e+06 2.090048863190379844e-02
7.462935686310129240e+06 3.926511787401712472e-02
7.755898323389001191e+06 6.937100437639623363e-02
8.060361408861344680e+06 1.154935057335643167e-01
8.376776400682924315e+06 1.815181042067194606e-01
8.705612479099856690e+06 2.697706120032939414e-01
9.047357242349293083e+06 3.796761658667076600e-01
9.402517429670132697e+06 5.067069083173862953e-01
9.771619672696182504e+06 6.419506758822007830e-01
1.015521127634569071e+07 7.728437636756946283e-01
1.055386103036523052e+07 8.848746633037475329e-01
1.096816005273137987e+07 9.642287302291093765e-01
1.139872266616052575e+07 1.000518880360204088e+00
1.184618730902682431e+07 9.889855084353045278e-01
1.231121748203889653e+07 9.315820530903693442e-01
1.279450273207873479e+07 8.362863659598378518e-01
1.329675967466210015e+07 7.154989432981133657e-01
1.381873305653633550e+07 5.833557566007505635e-01
1.436119685999077372e+07 4.531340298818651857e-01
1.492495545051829144e+07 3.352096795190212530e-01
1.551084476952840574e+07 2.360496140318762426e-01
1.611973357388155349e+07 1.581130903129927268e-01
1.675252472408217192e+07 1.006783067556698552e-01
1.741015652304015309e+07 6.087935876918976891e-02
1.809360410738716647e+07 3.492540657844662305e-02
1.880388089340916649e+07 1.898622083705154076e-02
1.954204007974051312e+07 9.767333908093242534e-03
2.030917620904734731e+07 4.748068003334641844e-03
2.110642679101554677e+07 2.177513118344076570e-03
2.193497398905055597e+07 9.404672381231195906e-04
2.279604637318982184e+07 3.817918869520435261e-04
2.369092074182632193e+07 1.453592117805656747e-04
2.462092401494625583e+07 5.179449847871896748e-05
2.558743520168589056e+07 1.720694869312517440e-05
2.659188744512690976e+07 5.334619285466296826e-06
2.763577014736157283e+07 1.533578390286708564e-06
2.872063117797828093e+07 4.080329852441558807e-07
2.984807916924321279e+07 1.001397527965458354e-07
3.101978590138100088e+07 2.259252195797400277e-08
3.223748878149027005e+07 4.667574421430695398e-09
3.350299341977229714e+07 8.795264697233619069e-10
3.481817630688966811e+07 1.505096120567617165e-10
3.618498759642742574e+07 2.328380521172828571e-11
3.760545399658175558e+07 3.240290785446694745e-12
3.908168177536264062e+07 4.035193170610696447e-13
4.061585988376979530e+07 4.472147703576420511e-14
4.221026320156902820e+07 4.384638600778513067e-15
4.386725591048493981e+07 3.779380082871514415e-16
4.558929499981059134e+07 2.844270616631883625e-17
4.737893390963143855e+07 1.856223407589524697e-18
4.923882631706731766e+07 1.042197430894932644e-19
5.117173007114610076e+07 4.994066027828122371e-21
5.318051128214196861e+07 2.025104949755395786e-22
5.526814857144603133e+07 6.883388134326292442e-24
5.743773748826587200e+07 1.943196563692566789e-25
5.969249509970727563e+07 4.507117935387253283e-27
6.203576476104268432e+07 8.497414497722946237e-29
6.447102107323869318e+07 1.286567717786956006e-30
6.700187503509576619e+07 1.546107325206374554e-32
6.963207939763890207e+07 1.453883337096900527e-34
7.236553422869649529e+07 1.056122226774365067e-36
7.520629269592407346e+07 5.833123212347766833e-39
7.815856707684090734e+07 2.411726329502366210e-41
8.122673500479702652e+07 7.339623806531737080e-44
8.441534596012993157e+07 1.614341823833596477e-46
8.772912801613356173e+07 2.520191053721194986e-49
9.117299484984922409e+07 2.733634663152140791e-52
9.475205302806547284e+07 2.017630547508501097e-55
9.847160957933764160e+07 9.898755667068037238e-59
1.023371798632517159e+08 3.152446325809063534e-62
1.063544957486011237e+08 6.347486822071742330e-66
1.105295141126019806e+08 7.861036842087551664e-70
1.148684256737554818e+08 5.816841313479825314e-74
1.193776641714435816e+08 2.492334213946459242e-78
1.240639159058829248e+08 5.982697633363820074e-83
1.289341296525715739e+08 7.770584966430363105e-88
1.339955269659337103e+08 5.254978508339979938e-93
1.392556128874464631e+08 1.779543527421416760e-98
1.447221870741134286e+08 2.889831889694982643e-104
1.504033553638022244e+08 2.152706043782017246e-110
1.563075417945817411e+08 7.008224142306000148e-117
1.624435010958865285e+08 9.469468231652586351e-124
1.688203316700366139e+08 5.029032009965768809e-131
1.754474890833459795e+08 9.911477206853383642e-139
1.823348000868438482e+08 6.811722258141389741e-147
1.894924771873823702e+08 1.527368811127301802e-155
1.969311337907421887e+08 1.042051558109013248e-164
2.046617999391994178e+08 2.014405544504974133e-174
2.126959386668691933e+08 1.012593971308620138e-184
2.210454629971019328e+08 1.223596757112998012e-195
2.297227536071146429e+08 3.224033772826053791e-207
2.387406771860646904e+08 1.690758297644304336e-219
2.481126055137765408e+08 1.593182957966752998e-232
2.578524352884276509e+08 2.411981289238126110e-246
2.679746087325689495e+08 5.226040419582048207e-261
2.784941350080638528e+08 1.431550726834853331e-276
2.894266124716751575e+08 4.351608779768824285e-293
3.007882518043096066e+08 0.000000000000000000e+00
3.125959000482284427e+08 0.000000000000000000e+00
3.248670655878374577e+08 0.000000000000000000e+00
3.376199441111333370e+08 0.000000000000000000e+00
3.508734455902714729e+08 0.000000000000000000e+00
3.646472223212745190e+08 0.000000000000000000e+00
3.789616980644723773e+08 0.000000000000000000e+00
3.938380983288488984e+08 0.000000000000000000e+00
4.092984818452433944e+08 0.000000000000000000e+00
4.253657732750391960e+08 0.000000000000000000e+00
4.420637972028530240e+08 0.000000000000000000e+00
4.594173134636485577e+08 0.000000000000000000e+00
4.774520538566131592e+08 0.000000000000000000e+00
4.961947603002898097e+08 0.000000000000000000e+00
5.156732244854952693e+08 0.000000000000000000e+00
5.359163290848514438e+08 0.000000000000000000e+00
5.569540905800124407e+08 0.000000000000000000e+00
5.788177037701280117e+08 0.000000000000000000e+00
6.015395880274832249e+08 0.000000000000000000e+00
6.251534353689699173e+08 0.000000000000000000e+00
6.496942604146125317e+08 0.000000000000000000e+00
6.751984523072494268e+08 0.000000000000000000e+00
7.017038286703836918e+08 0.000000000000000000e+00
7.292496916841443777e+08 0.000000000000000000e+00
7.578768863625915051e+08 0.000000000000000000e+00
7.876278611187063456e+08 0.000000000000000000e+00
8.185467307069020271e+08 0.000000000000000000e+00
8.506793416364170313e+08 0.000000000000000000e+00
8.840733401525062323e+08 0.000000000000000000e+00
9.187782428863321543e+08 0.000000000000000000e+00
9.548455102782303095e+08 0.000000000000000000e+00
9.923286228832545280e+08 0.000000000000000000e+00
1.031283160672186852e+09 0.000000000000000000e+00
1.071766885445503354e+09 0.000000000000000000e+00
1.113839826482618332e+09 0.000000000000000000e+00
1.157564369553301096e+09 0.000000000000000000e+00
1.203005349423324108e+09 0.000000000000000000e+00
1.250230145991458654e+09 0.000000000000000000e+00
1.299308784200417042e+09 0.000000000000000000e+00
1.350314037869872093e+09 0.000000000000000000e+00
1.403321537605481863e+09 0.000000000000000000e+00
1.458409882943986416e+09 0.000000000000000000e+00
1.515660758900601149e+09 0.000000000000000000e+00
1.575159057091624498e+09 0.000000000000000000e+00
1.636993001611701965e+09 0.000000000000000000e+00
1.701254279852585793e+09 0.000000000000000000e+00
1.768038178457201481e+09 0.000000000000000000e+00
1.837443724610724926e+09 0.000000000000000000e+00
1.909573832878100634e+09 0.000000000000000000e+00
1.984535457805803299e+09 0.000000000000000000e+00
2.062439752514088392e+09 0.000000000000000000e+00
2.143402233514850140e+09 0.000000000000000000e+00
2.227542951999556541e+09 0.000000000000000000e+00
2.314986671851165771e+09 0.000000000000000000e+00
2.405863054644066811e+09 0.000000000000000000e+00
2.500306851906321526e+09 0.000000000000000000e+00
2.598458104929241657e+09 0.000000000000000000e+00
2.700462352420681953e+09 0.000000000000000000e+00
2.806470846309844494e+09 0.000000000000000000e+00
2.916640776023706913e+09 0.000000000000000000e+00
3.031135501567575932e+09 0.000000000000000000e+00
3.150124795755321503e+09 0.000000000000000000e+00
3.273785095948576927e+09 0.000000000000000000e+00
3.402299765678064346e+09 0.000000000000000000e+00
3.535859366535182953e+09 0.000000000000000000e+00
3.674661940736688137e+09 0.000000000000000000e+00
3.818913304781846523e+09 0.000000000000000000e+00
3.968827354637149811e+09 0.000000000000000000e+00
4.124626382901348114e+09 0.000000000000000000e+00
4.286541408420933723e+09 0.000000000000000000e+00
4.454812518844988823e+09 0.000000000000000000e+00
4.629689226627258301e+09 0.000000000000000000e+00
4.811430839003244400e+09 0.000000000000000000e+00
5.000306842491089821e+09 0.000000000000000000e+00
5.196597302486207962e+09 0.000000000000000000e+00
5.400593278542373657e+09 0.000000000000000000e+00
5.612597255954965591e+09 0.000000000000000000e+00
5.832923594286188126e+09 0.000000000000000000e+00
6.061898993497571945e+09 0.000000000000000000e+00
6.299862978380705833e+09 0.000000000000000000e+00
6.547168402004742622e+09 0.000000000000000000e+00
6.804181968927093506e+09 0.000000000000000000e+00
7.071284778942981720e+09 0.000000000000000000e+00
7.348872892180387497e+09 0.000000000000000000e+00
7.637357916378011703e+09 0.000000000000000000e+00
7.937167617217558861e+09 0.000000000000000000e+00
8.248746552614581108e+09 0.000000000000000000e+00
8.572556731909307480e+09 0.000000000000000000e+00
8.909078300934106827e+09 0.000000000000000000e+00
9.258810253973945618e+09 0.000000000000000000e+00
9.622271173675153732e+09 0.000000000000000000e+00
1.000000000000000000e+10 0.000000000000000000e+00
