5.000000609103837784e-02 2.150750721801097838e-09
5.428946684854427107e-02 2.144189069349060980e-09
5.894691703302507718e-02 2.137636763268633260e-09
6.400392616475865382e-02 2.131092300766669702e-09
6.949477208806031925e-02 2.124557471215189172e-09
7.545667331624796026e-02 2.118031479790980922e-09
8.193004130929705531e-02 2.111514002860675847e-09
8.895875439419517750e-02 2.105006309339166913e-09
9.659045518470563141e-02 2.098506984184412050e-09
1.048768735165362953e-01 2.092016865938009965e-09
1.138741770868597070e-01 2.085536526538394583e-09
1.236433521749185083e-01 2.079064042065428072e-09
1.342506170243492336e-01 2.072601339803052671e-09
1.457678706892465426e-01 2.066147775698271606e-09
1.582731803863744457e-01 2.059702608521288175e-09
1.718513106569362625e-01 2.053267160240585117e-09
1.865942979247119105e-01 2.046840180458734424e-09
2.026020743450805961e-01 2.040422189882258601e-09
2.199831451735554666e-01 2.034013818720993637e-09
2.388553242452259029e-01 2.027613385532438660e-09
2.593465325503960250e-01 2.021222534280778862e-09
2.815956653193925074e-01 2.014840893315636106e-09
3.057535334938884519e-01 2.008467676064192546e-09
3.319838859663027386e-01 2.002104103871620933e-09
3.604645195163053706e-01 1.995749222111096961e-09
3.913884839678924976e-01 1.989403196344811257e-09
4.249653907359279836e-01 1.983066900911071722e-09
4.614228336318527135e-01 1.976738637295265478e-09
5.010079315591857707e-01 1.970419993629565608e-09
5.439890035556449455e-01 1.964110554807913198e-09
5.906573875357999936e-01 1.957809393079680540e-09
6.413294150622100842e-01 1.951518055069716869e-09
6.963485555306073715e-01 1.945235330895795116e-09
7.560877443030226130e-01 1.938961592669285307e-09
8.209519105695994856e-01 1.932697533078634422e-09
8.913807220736633674e-01 1.926441588273798623e-09
9.678515653045710598e-01 1.920195172268089781e-09
1.050882781358936757e+00 1.913958058492140235e-09
1.141037179403814994e+00 1.907729406715221581e-09
1.238925851557099334e+00 1.901510302454770215e-09
1.345212315043475826e+00 1.895299907518624914e-09
1.460617009702640301e+00 1.889098628964521990e-09
1.585922181335169157e+00 1.882907032159736597e-09
1.721977183986751481e+00 1.876723477684554686e-09
1.869704237111162071e+00 1.870549563670887788e-09
2.030104676635673844e+00 1.864384877095342822e-09
2.204265742300397513e+00 1.858228627289818204e-09
2.393367947278064900e+00 1.852082194206465616e-09
2.598693080027632440e+00 1.845944337214097092e-09
2.821632892620546507e+00 1.839815617425118369e-09
3.063698534431598119e+00 1.833696589135155264e-09
3.326530795138623375e+00 1.827585645731314340e-09
3.611911226461000712e+00 1.821484413562639188e-09
3.921774218023242220e+00 1.815392282924427259e-09
4.258220109197327297e+00 1.809308840829979826e-09
4.623529425799551618e+00 1.803235174046225580e-09
5.020178338142297747e+00 1.797169873015084033e-09
5.450855445219730200e+00 1.791114048117751426e-09
5.918479998795492136e+00 1.785067633158969991e-09
6.426221690920349339e+00 1.779029571849817753e-09
6.977522139005222890e+00 1.773001269575576988e-09
7.576118214081622781e+00 1.766981838497412727e-09
8.226067370374888554e+00 1.760971344383134054e-09
8.931775147881486632e+00 1.754970609970964118e-09
9.698025034370413522e+00 1.748978162039949364e-09
1.053001088922208694e+01 1.742995279630987226e-09
1.143337214888248887e+01 1.737021707236671468e-09
1.241423205256522166e+01 1.731056714924452937e-09
1.347923914730625405e+01 1.725101507488881776e-09
1.463561235370412383e+01 1.719154953076039987e-09
1.589118989781435864e+01 1.713217603617974949e-09
1.725448244087198191e+01 1.707289916837531210e-09
1.873473076697088402e+01 1.701370506302864849e-09
2.034196841972316960e+01 1.695460891867512320e-09
2.208708971246767661e+01 1.689560281599562693e-09
2.398192357302042055e+01 1.683668546487601479e-09
2.603931372350709239e+01 1.677786634514390031e-09
2.827320573876000864e+01 1.671913070803505148e-09
3.069874157338541565e+01 1.666049125291671102e-09
3.333236219823274382e+01 1.660194465723685190e-09
3.619191904196519971e+01 1.654348509583458066e-09
3.929679499311361468e+01 1.648512282360964909e-09
4.266803578280079279e+01 1.642684782501659440e-09
4.632849263868473599e+01 1.636866573344835891e-09
5.030297717707072991e+01 1.631058034478609226e-09
5.461842958309422613e+01 1.625257858360447800e-09
5.930410121894771436e+01 1.619467462574467359e-09
6.439175289792279955e+01 1.613686025997869758e-09
6.991587016822367673e+01 1.607913679813273838e-09
7.591389706580892494e+01 1.602151099728466211e-09
8.242648992070240865e+01 1.596396900603015114e-09
8.949779293714696848e+01 1.590652458050564095e-09
9.717573741555953859e+01 1.584917155454194106e-09
1.055123666444997212e+02 1.579190773818712303e-09
1.145641886648629821e+02 1.573474156315471891e-09
1.243925592974319017e+02 1.567766098830808383e-09
1.350640980300579770e+02 1.562067627719910301e-09
1.466511395834730251e+02 1.556378566731206173e-09
1.592322242165720922e+02 1.550698223745731855e-09
1.728926300945983598e+02 1.545027624177854701e-09
1.877249513287687819e+02 1.539365886720800994e-09
2.038297256054620732e+02 1.533713470320886749e-09
2.213161156592129828e+02 1.528070668604778707e-09
2.403026492087353745e+02 1.522436437910247120e-09
2.609180223714664635e+02 1.516812015193766064e-09
2.833019720024053640e+02 1.511196548477912450e-09
3.076062228702101038e+02 1.505590315226316642e-09
3.339955160907735490e+02 1.499993804233119407e-09
3.626487257893037963e+02 1.494405818768404792e-09
3.937600715599502337e+02 1.488827647295771000e-09
4.275404349413826139e+02 1.483258562363243533e-09
4.642187888317589000e+02 1.477698604127665319e-09
5.040437495320668404e+02 1.472148518507768193e-09
5.472852619380309989e+02 1.466606846586051898e-09
5.942364293032937894e+02 1.461074952428913637e-09
6.452154999765220964e+02 1.455552302333339933e-09
7.005680245791113521e+02 1.450038736274990698e-09
7.606691982454519803e+02 1.444535071339984221e-09
8.259264038021154875e+02 1.439039809791844142e-09
8.967819731243780552e+02 1.433554392329803196e-09
9.737161853873072914e+02 1.428078241936937612e-09
1.057250522534435731e+03 1.422611145746259544e-09
1.147951204030489635e+03 1.417153864196760438e-09
1.246433024857766668e+03 1.411705230911741351e-09
1.353363522771145881e+03 1.406266335345278892e-09
1.469467503058604507e+03 1.400836723250033120e-09
1.595531951477340272e+03 1.395416215986569134e-09
1.732411368666760836e+03 1.390005530491861220e-09
1.881033562196553021e+03 1.384603517380188224e-09
2.042405935509918436e+03 1.379211231329016962e-09
2.217622316390261403e+03 1.373828273794402526e-09
2.407870371236608207e+03 1.368454410339280706e-09
2.614439655403789857e+03 1.363090442908296093e-09
2.838730354174959302e+03 1.357735124052302072e-09
3.082262773615137576e+03 1.352389540785013570e-09
3.346687645637563037e+03 1.347053314670201434e-09
3.633797317133490651e+03 1.341726208988204823e-09
3.945537899008497789e+03 1.336408968884958158e-09
4.284022457475030933e+03 1.331100433646131838e-09
4.651545337015371842e+03 1.325801712178015232e-09
5.050597712100252465e+03 1.320512252133897385e-09
5.483884473076986069e+03 1.315232053688697841e-09
5.954342560684610362e+03 1.309961715900930570e-09
6.465160873472404091e+03 1.304699998407301835e-09
7.019801883060055843e+03 1.299448171150376633e-09
7.622025103753814619e+03 1.294205615416493740e-09
8.275912575602273137e+03 1.288972325107183234e-09
8.985896533623386858e+03 1.283748910472878830e-09
9.756789450752330595e+03 1.278534159816411039e-09
1.059381665815002088e+04 1.273329425989539839e-09
1.150265176398198309e+04 1.268133835467137084e-09
1.248945511074597016e+04 1.262947613189552163e-09
1.356091553182335883e+04 1.257771133114121758e-09
1.472429569029165759e+04 1.252603572433777924e-09
1.598748130731779202e+04 1.247445934642229967e-09
1.735903461381611851e+04 1.242297325305091420e-09
1.884825238768147028e+04 1.237158320986037194e-09
2.046522896999066143e+04 1.232028914029473288e-09
2.222092468731340341e+04 1.226908575440532216e-09
2.412724014391912715e+04 1.221798182078345488e-09
2.619709688745281528e+04 1.216696657231739119e-09
2.844452499485555745e+04 1.211604994771648575e-09
3.088475817221103352e+04 1.206522716783483171e-09
3.353433701313246274e+04 1.201449671227152838e-09
3.641122111560447229e+04 1.196386649770205719e-09
3.953491081723928801e+04 1.191332353240717228e-09
4.292657937410446175e+04 1.186288022753995191e-09
4.660921647906642465e+04 1.181253006792042415e-09
5.060778409245887451e+04 1.176227425931469049e-09
5.494938564134039189e+04 1.171211670687573128e-09
5.966344973422120529e+04 1.166204824369357969e-09
6.478192963653137122e+04 1.161208045704559402e-09
7.033951985892961966e+04 1.156220313003954474e-09
7.637389132655152935e+04 1.151242329846624880e-09
8.292594672324048588e+04 1.146273880605076341e-09
9.004009774155639752e+04 1.141314704929417125e-09
9.776456611784371489e+04 1.136365511861098405e-09
1.061517104928569170e+05 1.131425193359019754e-09
1.152583813135001983e+05 1.126494859829530942e-09
1.251463061813037348e+05 1.121573864907505943e-09
1.358825082596416760e+05 1.116662386451843137e-09
1.475397605757702549e+05 1.111760754903007746e-09
1.601970792970775510e+05 1.106868126735098340e-09
1.739402593251105573e+05 1.101985581754197369e-09
1.888624558377862268e+05 1.097112135553269934e-09
2.050648157216497057e+05 1.092248488077592471e-09
2.226571631742002210e+05 1.087394398454490224e-09
2.417587441234972212e+05 1.082549696014487324e-09
2.624990345109325135e+05 1.077714967039410786e-09
2.850186179159360472e+05 1.072889275004708705e-09
3.094701384714124142e+05 1.068073544961982145e-09
3.360193355290294858e+05 1.063267126859010365e-09
3.648461670876221033e+05 1.058470444005095473e-09
3.961460295996253262e+05 1.053683415529574509e-09
4.301310824237270863e+05 1.048905723371101805e-09
4.670316859012692585e+05 1.044138096876423410e-09
5.070979628040706739e+05 1.039379461951340423e-09
5.506014937376229791e+05 1.034630887805110374e-09
5.978371579915710026e+05 1.029891665665243175e-09
6.491251323153041303e+05 1.025162164091075778e-09
7.048130611669039354e+05 1.020442369799602318e-09
7.652784131460287608e+05 1.015731974435557154e-09
8.309310395833022194e+05 1.011031635035258901e-09
9.022159526290419744e+05 1.006340336597673715e-09
9.796163416720281821e+05 1.001659121365486430e-09
1.063656848534421530e+06 9.969873090602786713e-10
1.154907123643058352e+06 9.923252476023363035e-10
1.253985687281851657e+06 9.876729101702167090e-10
1.361564122097954853e+06 9.830299926230402040e-10
1.478371625279717147e+06 9.783971534755608235e-10
1.605199951262343675e+06 9.737734632528994899e-10
1.742908778464355273e+06 9.691598863473827081e-10
1.892431536432084860e+06 9.645556342864182939e-10
2.054781732890298590e+06 9.599612746905865313e-10
2.231059823585423175e+06 9.553765697611136365e-10
2.422460671487177722e+06 9.508014498862586452e-10
2.630281645909183659e+06 9.462362641757007060e-10
2.855931416446663439e+06 9.416804661216650815e-10
3.100939501339112874e+06 9.371347449940995057e-10
3.366966634979362134e+06 9.325983068759350588e-10
3.655816024843018502e+06 9.280719044604957323e-10
3.969445574140938930e+06 9.235550479042785032e-10
4.309981153043291532e+06 9.190479694759184228e-10
4.679731008431462571e+06 9.145506921039496906e-10
5.081201409851042554e+06 9.100629904033259672e-10
5.517113637718671001e+06 9.055853526631207403e-10
5.990422428933724761e+06 9.011169898279673380e-10
6.504336004924262874e+06 8.966588230554873091e-10
7.062337817883155309e+06 8.922100309811081634e-10
7.668210162596509792e+06 8.877712537388165725e-10
8.326059813912069425e+06 8.833421130786812082e-10
9.040345863625643775e+06 8.789227918346513615e-10
9.815909945471884683e+06 8.745133318117542145e-10
1.065800905309303291e+07 8.701134466603189409e-10
1.157235117343487218e+07 8.657236759565331705e-10
1.256513397710382566e+07 8.613432806646535566e-10
1.364308682793859206e+07 8.569731185990627514e-10
1.481351639654972032e+07 8.526123217921763505e-10
1.608435618700843677e+07 8.482616542229951865e-10
1.746422031239071861e+07 8.439206167376766835e-10
1.896246188368251547e+07 8.395894968916603356e-10
2.058923640782273561e+07 8.352681840514619949e-10
2.235557062461397052e+07 8.309566370554041273e-10
2.427343724909663945e+07 8.266551050611709659e-10
2.635583612601283193e+07 8.223631239618710690e-10
2.861688234644619748e+07 8.180813867325786988e-10
3.107190192391869798e+07 8.138090363971919592e-10
3.373753567846355587e+07 8.095469671201636738e-10
3.663185203283018619e+07 8.052943691812684633e-10
3.977446948538585007e+07 8.010519553759603738e-10
4.318668958987011760e+07 7.968192141108270218e-10
4.689164134337675571e+07 7.925964558670027002e-10
5.091443796126587689e+07 7.883835428280793039e-10
5.528234710167017579e+07 7.841805181459275090e-10
6.002497569342817366e+07 7.799875096001389112e-10
6.517447062025682628e+07 7.758041760026315515e-10
7.076573662146072090e+07 7.716310608376904786e-10
7.683667288616964221e+07 7.674674818864668445e-10
8.342842994480752945e+07 7.633142419869085015e-10
9.058568859907637537e+07 7.591704663797476831e-10
9.835696278112149239e+07 7.550370159606170981e-10
1.067949283947439790e+08 7.509131805072057954e-10
1.159567803676386923e+08 7.467995557379584598e-10
1.259046203348589391e+08 7.426956900892734271e-10
1.367058775813430846e+08 7.386019185973124934e-10
1.484337660967535675e+08 7.345180115616113132e-10
1.611677808407033682e+08 7.304441212295233953e-10
1.749942365821632445e+08 7.263801999374452827e-10
1.900068529654933214e+08 7.223262202770352375e-10
2.063073897688019872e+08 7.182823407503783470e-10
2.240063366606385112e+08 7.142482617788055781e-10
2.432236621303392947e+08 7.102244190261023588e-10
2.640896266685295403e+08 7.062103277086113785e-10
2.867456657097352743e+08 7.022065288570847007e-10
3.113453483219178915e+08 6.982124112991712082e-10
3.380554181412553191e+08 6.942287107368932622e-10
3.670569236078512073e+08 6.902545908131125914e-10
3.985464451635093093e+08 6.862909264873692794e-10
4.327374277297825813e+08 6.823369172321036132e-10
4.698616274983046651e+08 6.783933016114988854e-10
5.101706828400630355e+08 6.744594507591047813e-10
5.539378199817630053e+08 6.705359137062840865e-10
6.014597050108153820e+08 6.666222045542959775e-10
6.530584547623124123e+08 6.627187903103472570e-10
7.090838202184695005e+08 6.588252890706156358e-10
7.699155572200868130e+08 6.549420083063802395e-10
8.359660005595511198e+08 6.510687186857490681e-10
9.076828589031311274e+08 6.472055967544920622e-10
9.855522494875406027e+08 6.433525277904978649e-10
1.070101993160590291e+09 6.395096135209437189e-10
1.161905192100882292e+09 6.356767971387848817e-10
1.261584114467105627e+09 6.318541295402975158e-10
1.369814412308390856e+09 6.280415672000559737e-10
1.487329701325850248e+09 6.242391688384023957e-10
1.614926533528102875e+09 6.204469240506563034e-10
1.753469796487138987e+09 6.166648048002190488e-10
1.903898575791849613e+09 6.128928924629876503e-10
2.067232520437000513e+09 6.091311085887869928e-10
2.244578754293626308e+09 6.053795254020065576e-10
2.437139380509231567e+09 6.016381044880387267e-10
2.646219629704256058e+09 5.979068928035791292e-10
2.873236707196012020e+09 5.941858664409652511e-10
3.119729399218949318e+09 5.904750487427894723e-10
3.387368503254674911e+09 5.867744433734863083e-10
3.677968153172063828e+09 5.830840668813262778e-10
3.993498115941703320e+09 5.794039014487920439e-10
4.336097143276155472e+09 5.757339709025550058e-10
4.708087468696316719e+09 5.720742804449875077e-10
5.111990548290114403e+09 5.684248400686293554e-10
5.550544151857828140e+09 5.647856789450079106e-10
6.026720920293540955e+09 5.611567289448878731e-10
6.543748514989645004e+09 5.575381168027149294e-10
7.105131495842218399e+09 5.539297103269034527e-10
7.714675076153865814e+09 5.503316704878110470e-10
8.376510915449893951e+09 5.467438273637399398e-10
9.095125125040634155e+09 5.431664152572945830e-10
9.875388676157638550e+09 5.395991614956725791e-10
1.072259041678083611e+10 5.360423998021635041e-10
1.164247292095188904e+10 5.324957415273443522e-10
1.264127141357239532e+10 5.289596625578994348e-10
1.372575603452969360e+10 5.254336637204934581e-10
1.490327772862732506e+10 5.219183098111128024e-10
1.618181807237778664e+10 5.184129795336470585e-10
1.757004337539431763e+10 5.149183241524033290e-10
1.907736342310010910e+10 5.114337642992070860e-10
2.071399525892559433e+10 5.079598110764982806e-10
2.249103243833213043e+10 5.044960607693298653e-10
2.442052022408069229e+10 5.010428580970190749e-10
2.651553723244567108e+10 4.975999524109341170e-10
2.879028408378961182e+10 4.941675362811293097e-10
3.126017965840213394e+10 4.907455072434063830e-10
3.394196561005103302e+10 4.873338952902266497e-10
3.685381984566511536e+10 4.839327869412311853e-10
4.001547974035287476e+10 4.805420147967143243e-10
4.344837592293494415e+10 4.771618712582151146e-10
4.717577753883605957e+10 4.737919803907816333e-10
5.122294997495948029e+10 4.704327962871062055e-10
5.561732611565892792e+10 4.670837988903402849e-10
6.038869229061819458e+10 4.637455713738092620e-10
6.556939017505541229e+10 4.604176245801713727e-10
7.119453601078593445e+10 4.571003247106541383e-10
7.730225863408026123e+10 4.537934656454790893e-10
8.393395792375103760e+10 4.504971524523301268e-10
9.113458542128627014e+10 4.472114388745873310e-10
9.895294902517109680e+10 4.439361438284401731e-10
1.074420438246816101e+11 4.406715971994439469e-10
1.166594113156592560e+11 4.374173431084923350e-10
1.266675294331082764e+11 4.341739023248180087e-10
1.375342360443879089e+11 4.309408509671611045e-10
1.493331887735500793e+11 4.277185069287164133e-10
1.621443642736293640e+11 4.245067261646718075e-10
1.760546003311238403e+11 4.213055228649391880e-10
1.911581844771675415e+11 4.181150470397917721e-10
2.075574930952095947e+11 4.149350149972348793e-10
2.253636853572085876e+11 4.117658172270358741e-10
2.446974566920876465e+11 4.086070828508804814e-10
2.656898568936224670e+11 4.054591237952581674e-10
2.884831784131722412e+11 4.023217791436146707e-10
3.132319208583400269e+11 3.991951109595757388e-10
3.401038382351817017e+11 3.960792147264256349e-10
3.692810760325284424e+11 3.929738438777359429e-10
4.009614058558261719e+11 3.898793486781968156e-10
4.353595659792766724e+11 3.867954231247475208e-10
4.727087169028303833e+11 3.837222818081478708e-10
5.132620217803106079e+11 3.806599192242569542e-10
5.572943624311500244e+11 3.776081952647888121e-10
6.051042025674746094e+11 3.745673955854602984e-10
6.570156108658908691e+11 3.715371605260323331e-10
7.133804575970388184e+11 3.685178176839546102e-10
7.745807997022508545e+11 3.655092482755647701e-10
8.410314704839820557e+11 3.625114198721311019e-10
9.131828914638142090e+11 3.595245454729274318e-10
9.915241254674163818e+11 3.565482975449256673e-10
1.076586191631350708e+12 3.535829796877158184e-10
1.168945664801551514e+12 3.506285101016172653e-10
1.269228583721471924e+12 3.476848171340941104e-10
1.378114694500447998e+12 3.447521170395017768e-10
1.496342058125930908e+12 3.418301411548595791e-10
1.624712053250541016e+12 3.389191091120648530e-10
1.764094808164119385e+12 3.360190424275650537e-10
1.915435098770533447e+12 3.331297286476978409e-10
2.079758752547002930e+12 3.302514585649251433e-10
2.258179601894241699e+12 3.273840677961991443e-10
2.451907034008718750e+12 3.245275937181296340e-10
2.662254188452738281e+12 3.216821802186842839e-10
2.890646857987252441e+12 3.188475723795277423e-10
3.138633153000238281e+12 3.160240098894122974e-10
3.407893995038718262e+12 3.132115272932313455e-10
3.700254510572290527e+12 3.104098564934581471e-10
4.017696402218970703e+12 3.076193294567697937e-10
4.362371381288197754e+12 3.048398074385558604e-10
4.736615752691528320e+12 3.020712478565758969e-10
5.142966251080666992e+12 2.993138211059934507e-10
5.584177235555780273e+12 2.965674263055138249e-10
6.063239359493572266e+12 2.938320504322629157e-10
6.583399842045450195e+12 2.911078513310689302e-10
7.148184478711466797e+12 2.883946899332800045e-10
7.761421540183333008e+12 2.856926034320204149e-10
8.427267721451018555e+12 2.830017327325417897e-10
9.150236317061591797e+12 2.803219327240113621e-10
9.935227813512181641e+12 2.776532449693652607e-10
1.078756310613882422e+13 2.749958104374637001e-10
1.171301956565706836e+13 2.723495015396960954e-10
1.271787019882113281e+13 2.697143388636639321e-10
1.380892616864573242e+13 2.670904490274490574e-10
1.499358296240402930e+13 2.644777487650717753e-10
1.627987052034023828e+13 2.618762222694099158e-10
1.767650766488642188e+13 2.592860061744963080e-10
1.919296119931645312e+13 2.567070673499824223e-10
2.083951007642870312e+13 2.541392855776800195e-10
2.262731507220661328e+13 2.515828546156199475e-10
2.456849443672978125e+13 2.490377843863427319e-10
2.667620603511369922e+13 2.465038924706438737e-10
2.896473653525850391e+13 2.439813709063302906e-10
3.144959824694062891e+13 2.414702384158545477e-10
3.414763426865521484e+13 2.389704439791342406e-10
3.707713265492280469e+13 2.364819536619455759e-10
4.025795037791560156e+13 2.340048995718007320e-10
4.371164792365744531e+13 2.315393010858236976e-10
4.746163543511972656e+13 2.290850133723509236e-10
5.153333139282272656e+13 2.266421656961399602e-10
5.595433490851362500e+13 2.242108157632190841e-10
6.075461279978853125e+13 2.217909596212937378e-10
6.596670271369114062e+13 2.193824553088051065e-10
7.162593367612767188e+13 2.169854932426810862e-10
7.777066556204139062e+13 2.146000778270985408e-10
8.444254910953685938e+13 2.122262104085753654e-10
9.168680824041843750e+13 2.098637794336226336e-10
9.955254660077256250e+13 2.075129394135107026e-10
1.080930803994343750e+14 2.051737032196258353e-10
1.173662998003892031e+14 2.028460976770436269e-10
1.274350613187542344e+14 2.005300074320890007e-10
1.383676138800858594e+14 1.982255501441297853e-10
1.502380614309852812e+14 1.959327688786516522e-10
1.631268652367013125e+14 1.936516671502366634e-10
1.771213892704325000e+14 1.913822508014332289e-10
1.923164923911629688e+14 1.891244524140175708e-10
2.088151713239417812e+14 1.868783832935583689e-10
2.267292588009530938e+14 1.846440689215706746e-10
2.461801815955273438e+14 1.824215213433571608e-10
2.672997835873159688e+14 1.802107735547807998e-10
2.902312194375441250e+14 1.780117239840417483e-10
3.151299249319718125e+14 1.758244961897117062e-10
3.421646705688090000e+14 1.736491161643245433e-10
3.715187055330730000e+14 1.714856014703383674e-10
4.033909998116371875e+14 1.693339730630912215e-10
4.379975928682951875e+14 1.671942289831732318e-10
4.755730580206368125e+14 1.650663310825798058e-10
5.163720924446008750e+14 1.629503715805340990e-10
5.606712435842881250e+14 1.608463906120949537e-10
6.087707836691041250e+14 1.587543801621224785e-10
6.609967450441890000e+14 1.566743847830664866e-10
7.177031301102998750e+14 1.546064201835989645e-10
7.792743108525933750e+14 1.525505092797709225e-10
8.461276342231662500e+14 1.505066399084226839e-10
9.187162510371925000e+14 1.484748424028918582e-10
9.975321875579176250e+14 1.464551747663376756e-10
1.083109680590379500e+15 1.444476514587811708e-10
1.176028798690239500e+15 1.424523300837511556e-10
1.276919374033248250e+15 1.404692099080350452e-10
1.386465271596569000e+15 1.384983227340498344e-10
1.505409024589919750e+15 1.365397079600941065e-10
1.634556867556496750e+15 1.345933891898375197e-10
1.774784201259808750e+15 1.326594156700792804e-10
1.927041526398603500e+15 1.307378090937781649e-10
2.092360886370701000e+15 1.288286171282634585e-10
2.271862862756188000e+15 1.269318486862055668e-10
2.466764170937703500e+15 1.250476043023571680e-10
2.678385907342967500e+15 1.231758972722308375e-10
2.908162504211482500e+15 1.213167778606313780e-10
3.157651452583863000e+15 1.194703227494388898e-10
3.428543859418326000e+15 1.176365689869087267e-10
3.722675910394201500e+15 1.158156075157986534e-10
4.042041316099813000e+15 1.140075096686282408e-10
4.388804825969384500e+15 1.122123372685291588e-10
4.765316901569375000e+15 1.104302223736241047e-10
5.174129648694697000e+15 1.086613086025929030e-10
5.618014116266844000e+15 1.069056860540670580e-10
6.099979079290290000e+15 1.051634884101189385e-10
6.623291433184454000e+15 1.034349489029454179e-10
7.191498337728414000e+15 1.017201998459614936e-10
7.808451260717861000e+15 1.000194629319167680e-10
8.478332084307360000e+15 9.833286675127058190e-11
9.205681450995928000e+15 9.666047486473140167e-11
9.995429541391184000e+15 9.500202112347746844e-11
1.085292949237408400e+16 9.335630488174945931e-11
1.178399368218151200e+16 9.172023294269500133e-11
1.279493312835633400e+16 9.008599060230824898e-11
1.389260026561766400e+16 8.843691439452775714e-11
1.508443539360898400e+16 8.674727490977207729e-11
1.637851710936339000e+16 8.502124518975412966e-11
1.778361706632801600e+16 8.338502002755191608e-11
1.930925943112368400e+16 8.201554497244267033e-11
2.096578544105043200e+16 8.091658372724219084e-11
2.276442349993252800e+16 7.997894499924918794e-11
2.471736528742786400e+16 7.911841863244471725e-11
2.683784839769606400e+16 7.829826486383912141e-11
2.914024606757251200e+16 7.751477174052323962e-11
3.164016460244872800e+16 7.680864516303155110e-11
3.435454916024506000e+16 7.628509464753177009e-11
3.730179861050226400e+16 7.622072510022935329e-11
4.050189024714753600e+16 7.726524917357379532e-11
4.397651520026486400e+16 8.081454697919990806e-11
4.774922546473852800e+16 8.883890417869112407e-11
5.184559354236195200e+16 1.013836722493116710e-10
5.629338577951948000e+16 1.088444307273402039e-10
6.112275057537056000e+16 9.109954107516033248e-11
6.636642273625954400e+16 5.900581495594322909e-11
7.205994536153515200e+16 2.187024885971852339e-11
7.824191076476950400e+16 1.720315348523112865e-12
8.495422206342603200e+16 6.587825426163587854e-12
9.224237721008710400e+16 5.007224298484391580e-11
1.001557773905054720e+17 1.492194012409527100e-10
1.087480618788685600e+17 3.328370886294874288e-10
1.180774716200367680e+17 6.483783494671989880e-10
1.282072440032138560e+17 1.106956448012150133e-09
1.392060415029266400e+17 1.810703585577447039e-09
1.511484170927886400e+17 2.845225084493160828e-09
1.641153195867228800e+17 4.349580620862073633e-09
1.781946423330253440e+17 6.487388847970803034e-09
1.934818189804350720e+17 9.499421905200251294e-09
2.100804703545240960e+17 1.373873869544569829e-08
2.281031068290757440e+17 1.961139796703337565e-08
2.476718909533601920e+17 2.777566632069485906e-08
2.689194655045996800e+17 3.910564599641733442e-08
2.919898525783749120e+17 5.466153993709395566e-08
3.170394298113147520e+17 7.581635662316099091e-08
3.442379903531171840e+17 1.043391845215272626e-07
3.737698937727672320e+17 1.429746920271669035e-07
4.058353157000396800e+17 1.953785561919191332e-07
4.406516046728009600e+17 2.661323274581412602e-07
4.784547553871134720e+17 3.615627599312579519e-07
5.195010083363271040e+17 4.901224726516828682e-07
5.640685866819409280e+17 6.630365561101736687e-07
6.124595821291898880e+17 8.953305196874471630e-07
6.650020025904666880e+17 1.206943802928838020e-06
7.220519955160821760e+17 1.624183330694847317e-06
7.839962619628880640e+17 2.182503620208168793e-06
8.512546777638347520e+17 2.928510440875775916e-06
9.242831395656807680e+17 3.924055568198647878e-06
1.003576655025905792e+18 5.250850543793292779e-06
1.089672698115276800e+18 7.016725075046446728e-06
1.183154852269034240e+18 9.363502291808154302e-06
1.284656766081201408e+18 1.247795061802131645e-05
1.394866448354773248e+18 1.660744338463193597e-05
1.514530931620735488e+18 2.207074821617540175e-05
1.644461335736839680e+18 2.928812655834071984e-05
1.785538365888297472e+18 3.880358099213726791e-05
1.938718282257790464e+18 5.133209325895961219e-05
2.105039381828497664e+18 6.778929437305967153e-05
2.285629036256091648e+18 8.936310858389822536e-05
2.481711333513934848e+18 1.175803883882289087e-04
2.694615375109102080e+18 1.543951075647601197e-04
2.925784285109988864e+18 2.023057419123218967e-04
3.176784992051010048e+18 2.644682477966079021e-04
3.449318850019468800e+18 3.448781205468227007e-04
3.745233170916619264e+18 4.485401495168221393e-04
4.066533746062675456e+18 5.816730950368114274e-04
4.415398442019875840e+18 7.519660592691866348e-04
4.794191962790914048e+18 9.688137336965086137e-04
5.205481878454115328e+18 1.243576808606356495e-03
5.652056028882824192e+18 1.589816215851917909e-03
6.136941420516084736e+18 2.023475532611717156e-03
6.663424744267776000e+18 2.562956963849220404e-03
7.235074653651578880e+18 3.228974702415518452e-03
7.855765954127732736e+18 4.044219586877725175e-03
8.529705867635521536e+18 5.032534283955054748e-03
9.261462550338123776e+18 6.217599590083348372e-03
1.005599605688319590e+19 7.621330924442287422e-03
1.091869196106164838e+19 9.259039742178938256e-03
1.185539786075674214e+19 1.113956414489296678e-02
1.287246301462383821e+19 1.325663559546427089e-02
1.397678137916836454e+19 1.558543245585781480e-02
1.517583833794201600e+19 1.807634731515580725e-02
1.647776143959778509e+19 2.064981662692388573e-02
1.789137548872427110e+19 2.319272292440997460e-02
1.942626236287679693e+19 2.555837800362418047e-02
2.109282596126629069e+19 2.757156219193858393e-02
2.290236272534209741e+19 2.904083185352709234e-02
2.486713820928214221e+19 2.977843646838048558e-02
2.700047021940192051e+19 2.962842230543385330e-02
2.931681908602900890e+19 2.849804160154904842e-02
3.183188567973020877e+19 2.638830720168652139e-02
3.456271783627031347e+19 2.341408390973172618e-02
3.752782591168731546e+19 1.980497480272578117e-02
4.074730825074123571e+19 1.588052013195423787e-02
4.424298741920609075e+19 1.199976525723267344e-02
4.803855812341676442e+19 8.494581754556836464e-03
5.215974781972170342e+19 5.604988833203369131e-03
5.663449110248724070e+19 3.437575697981522412e-03
6.149311905271389389e+19 1.962858070567024930e-03
6.676856483072036045e+19 1.052178726372016105e-03
7.249658690645525299e+19 5.373597486535593420e-04
7.871601144056756634e+19 2.657410993427265387e-04
8.546899545914748109e+19 1.288080752709162672e-04
9.280131260602856243e+19 6.186723746033719648e-05
1.007626634095421686e+20 2.978879801110341575e-05
1.094070121668214948e+20 1.435525875012057523e-05
1.187929527291304509e+20 6.863183177198888479e-06
1.289841056676329390e+20 3.302649913744962141e-06
