5.000000411698811431e-02 2.150386563150173883e-09
5.428875117621698165e-02 2.143870916799794469e-09
5.894536523191668681e-02 2.137363007427105698e-09
6.400140005147510192e-02 2.130864470251084967e-09
6.949111592459908393e-02 2.124374809698206771e-09
7.545171181508816827e-02 2.117893301321212818e-09
8.192357742541120369e-02 2.111421387264264240e-09
8.895056688210542517e-02 2.104958024346174864e-09
9.658029589652276925e-02 2.098503352382838898e-09
1.048644644145196453e-01 2.092058264736479216e-09
1.138592069414023356e-01 2.085621471832708617e-09
1.236254729159717708e-01 2.079193742858884930e-09
1.342294397111267468e-01 2.072775632498075239e-09
1.457429610595668279e-01 2.066365400166073002e-09
1.582440539431803628e-01 2.059964557327314129e-09
1.718174272453374396e-01 2.053572972704777793e-09
1.865550557482988925e-01 2.047189336526987689e-09
2.025568033652147548e-01 2.040815174858450065e-09
2.199310998298066588e-01 2.034449848926179869e-09
2.387956754290631312e-01 2.028092950899720096e-09
2.592783587575832605e-01 2.021745425548602067e-09
2.815179428992466981e-01 2.015406605900505464e-09
3.056651259055595538e-01 2.009076475991381721e-09
3.318835319434681463e-01 2.002755921650341377e-09
3.603508200320593158e-01 1.996443460821144149e-09
3.912598878810781833e-01 1.990140144659979179e-09
4.248201789886157376e-01 1.983846347563908846e-09
4.612591018550137867e-01 1.977560315136409735e-09
5.008235709297497174e-01 1.971283891536714221e-09
5.437816797329387830e-01 1.965016580578708759e-09
5.904245174887221559e-01 1.958757424517089035e-09
6.410681415802658156e-01 1.952507843915697457e-09
6.960557191919557463e-01 1.946267007972792758e-09
7.557598526508106929e-01 1.940034763312764962e-09
8.205851042239030724e-01 1.933812012258356539e-09
8.909707374801123514e-01 1.927597700762800663e-09
9.673936937920009083e-01 1.921392344195569049e-09
1.050371824146941968e+00 1.915196528150178285e-09
1.140467398166634894e+00 1.909008691772582254e-09
1.238290914112540886e+00 1.902830309475585762e-09
1.344505235694279488e+00 1.896661179996623684e-09
1.459830083712492677e+00 1.890500209696315466e-09
1.585046912972084554e+00 1.884348773229686700e-09
1.721004207512369710e+00 1.878206160780543473e-09
1.868623230035239224e+00 1.872072145728799132e-09
2.028904264490145604e+00 1.865947708825334551e-09
2.202933394116409094e+00 1.859831683180700964e-09
2.391889860871654783e+00 1.853724634462506262e-09
2.597054056114738163e+00 1.847627242512178609e-09
2.819816196688967658e+00 1.841537867773928609e-09
3.061685745195801278e+00 1.835457848946401365e-09
3.324301638291899952e+00 1.829387084006424117e-09
3.609443392317679855e+00 1.823324606499863539e-09
3.919043161510420870e+00 1.817271691295719651e-09
4.255198830509819174e+00 1.811227568148584388e-09
4.620188229872341346e+00 1.805192180124821182e-09
5.016484570920374253e+00 1.799166355036176846e-09
5.446773204514547828e+00 1.793148931552030449e-09
5.913969817308660559e+00 1.787140585330666188e-09
6.421240188787151304e+00 1.781141836974251530e-09
6.972021642961203192e+00 1.775151056898450500e-09
7.570046340082593694e+00 1.769169910305596516e-09
8.219366566202825908e+00 1.763197857188910287e-09
8.924382191942541453e+00 1.757234292371614521e-09
9.689870486534982064e+00 1.751280250170330191e-09
1.052101848916716875e+01 1.745334892855557629e-09
1.142345815697067302e+01 1.739398471722612951e-09
1.240330452782898973e+01 1.733471625010516891e-09
1.346719715659726369e+01 1.727553023730929814e-09
1.462234510551090239e+01 1.721643800640419188e-09
1.587657579364362803e+01 1.715743908580816519e-09
1.723838803642460604e+01 1.709852314788165785e-09
1.871700963461650957e+01 1.703970283555642756e-09
2.032245990298452654e+01 1.698097230478177214e-09
2.206561756235777949e+01 1.692232848363111452e-09
2.395829445512781675e+01 1.686378105636038671e-09
2.601331558368925556e+01 1.680531803818534274e-09
2.824460601417214178e+01 1.674694748214619982e-09
3.066728523433647169e+01 1.668867195941287141e-09
3.329776960500890226e+01 1.663047783822785212e-09
3.615388359928441986e+01 1.657238032248612812e-09
3.925498058326352435e+01 1.651437311370834986e-09
4.262207395674903410e+01 1.645645230173476988e-09
4.627797954252746848e+01 1.639862808748097575e-09
5.024747018908195173e+01 1.634088939356165545e-09
5.455744363434209987e+01 1.628324267654898931e-09
5.923710476793647217e+01 1.622569118643875561e-09
6.431816352697772743e+01 1.616822186949874725e-09
6.983504976634520744e+01 1.611084914340865532e-09
7.582514655945240634e+01 1.605356671617672022e-09
8.232904351037210233e+01 1.599637157061192755e-09
8.939081179379242315e+01 1.593927249002137542e-09
9.705830278650725518e+01 1.588225963025997906e-09
1.053834723140024465e+02 1.582533867965337925e-09
1.144227327092718127e+02 1.576851353564181471e-09
1.242373350694562646e+02 1.571177034711601073e-09
1.348937843005180639e+02 1.565512378061579533e-09
1.464642897623474767e+02 1.559856895532304322e-09
1.590272545679222844e+02 1.554210065454642383e-09
1.726678068520708962e+02 1.548572949755484861e-09
1.874783766097785360e+02 1.542944370927117137e-09
2.035593220127612142e+02 1.537325099676740085e-09
2.210196094483020204e+02 1.531715361780525469e-09
2.399775518883760412e+02 1.526113980536340562e-09
2.605616105923339774e+02 1.520522195884868803e-09
2.829112655755850483e+02 1.514939483885651668e-09
3.071779607426714733e+02 1.509365675649495596e-09
3.335261300890707048e+02 1.503801463638749945e-09
3.621343119253897385e+02 1.498245855010617394e-09
3.931963586740660617e+02 1.492699562497465612e-09
4.269227504363003618e+02 1.487162791279553986e-09
4.635420212301102083e+02 1.481634502066259707e-09
5.033023075638507748e+02 1.476115849026095524e-09
5.464730298385354672e+02 1.470606171175524619e-09
5.933467179723255640e+02 1.465105518771155391e-09
6.442409936178415819e+02 1.459614544168050866e-09
6.995007224040330129e+02 1.454131994010114530e-09
7.595003507864520316e+02 1.448659002426852927e-09
8.246464433407124943e+02 1.443195254370914872e-09
8.953804376921132189e+02 1.437740338318454627e-09
9.721816357491835561e+02 1.432295079722426010e-09
1.055570451510081284e+03 1.426858539196665229e-09
1.146111937449372363e+03 1.421431346828982171e-09
1.244419613380404371e+03 1.416013664659998828e-09
1.351159623738093842e+03 1.410604469504372533e-09
1.467055251452386983e+03 1.405205025658196522e-09
1.592891818998888539e+03 1.399814618316981363e-09
1.729522009836816096e+03 1.394433203093009358e-09
1.877871646292928290e+03 1.389061516962801972e-09
2.038945963043069696e+03 1.383698362374767527e-09
2.213836418701182993e+03 1.378344791396573340e-09
2.403728091671918719e+03 1.373000550625587065e-09
2.609907710382014102e+03 1.367665096148831718e-09
2.833772372304239070e+03 1.362339385013860985e-09
3.076839010855067954e+03 1.357022452877614205e-09
3.340754674314823205e+03 1.351714852027451914e-09
3.627307686421574545e+03 1.346416855245719936e-09
3.938439764264211135e+03 1.341127395591482918e-09
4.276259175587006212e+03 1.335847749928962142e-09
4.643055024661111020e+03 1.330577106075201825e-09
5.041312763525718765e+03 1.325315613731752145e-09
5.473731033704982110e+03 1.320063853118613056e-09
5.943239952521972555e+03 1.314820608473431606e-09
6.453020967920131625e+03 1.309587098593729813e-09
7.006528416330656910e+03 1.304362776777592615e-09
7.607512929664570947e+03 1.299147469483269273e-09
8.260046850037977492e+03 1.293941982911464319e-09
8.968551824443713485e+03 1.288745128884193262e-09
9.737828766354130494e+03 1.283557842922952456e-09
1.057309038727838197e+04 1.278379953586474675e-09
1.147999651871197602e+04 1.273210985072602402e-09
1.246469246382402525e+04 1.268051775025871653e-09
1.353385063875815285e+04 1.262901380553791627e-09
1.469471578571313694e+04 1.257760510938594815e-09
1.595515406417258237e+04 1.252629082641378859e-09
1.732370635293159285e+04 1.247506503865983573e-09
1.880964612410123664e+04 1.242393737951437997e-09
2.042304228125208829e+04 1.237289876649060999e-09
2.217482738749506461e+04 1.232195451775094379e-09
2.407687174582173975e+04 1.227110585876194926e-09
2.614206383368080060e+04 1.222034539655826616e-09
2.838439763682502235e+04 1.216968330672762527e-09
3.081906747421322507e+04 1.211911089931202253e-09
3.346257095651195414e+04 1.206863233670582973e-09
3.633282077585584921e+04 1.201825035599128246e-09
3.944926608436724200e+04 1.196795626038320422e-09
4.283302428391076683e+04 1.191776014796506874e-09
4.650702412010453554e+04 1.186765444207656206e-09
5.049616105021166732e+04 1.181764323920055114e-09
5.482746593770192703e+04 1.176772819517612472e-09
5.953028821657849767e+04 1.171790134754478345e-09
6.463649476661265362e+04 1.166817293744859667e-09
7.018068584708862181e+04 1.161853502472127234e-09
7.620042955225172045e+04 1.156899171996627708e-09
8.273651637715584366e+04 1.151954463648283145e-09
8.983323561888108088e+04 1.147018656314358706e-09
9.753867548604684998e+04 1.142092651548118922e-09
1.059050489501989505e+05 1.137175730227193840e-09
1.149890475470778329e+05 1.132268292015134490e-09
1.248522255251673341e+05 1.127370472656009150e-09
1.355614169445599546e+05 1.122481600914879054e-09
1.471891885524493700e+05 1.117602626184351366e-09
1.598143315039901936e+05 1.112732645664734994e-09
1.735223952604788938e+05 1.107872251659821770e-09
1.884062672826190828e+05 1.103021399680695890e-09
2.045668024469369557e+05 1.098179621674861231e-09
2.221135064503487374e+05 1.093347726127420139e-09
2.411652778337094351e+05 1.088524765662331488e-09
2.618512136523826921e+05 1.083711501765750851e-09
2.843114842531527975e+05 1.078907727133247358e-09
3.086982830850638566e+05 1.074113142943266873e-09
3.351768579802258173e+05 1.069328437765591550e-09
3.639266308926618658e+05 1.064552624554395549e-09
3.951424136826813919e+05 1.059786620517151412e-09
4.290357281850780710e+05 1.055029998406010371e-09
4.658362395060903509e+05 1.050282725725747028e-09
5.057933122613143642e+05 1.045545292873811441e-09
5.491777002998201642e+05 1.040816755334030472e-09
5.962833813642484602e+05 1.036098130436859427e-09
6.474295491187447915e+05 1.031388764268797021e-09
7.029627760429702466e+05 1.026688930906461416e-09
7.632593618481970625e+05 1.021998783260995505e-09
8.287278833286421141e+05 1.017317736187298966e-09
8.998119629261300433e+05 1.012646595826552000e-09
9.769932747682055924e+05 1.007984589385525617e-09
1.060794808548978297e+06 1.003332290254052141e-09
1.151784413369110087e+06 9.986895377200995768e-10
1.250578645548465429e+06 9.940560907647066932e-10
1.357846946484627668e+06 9.894325884111495387e-10
1.474316178866956616e+06 9.848180333178342888e-10
1.600775551984106656e+06 9.802134246235578841e-10
1.738081969499476021e+06 9.756181270820452514e-10
1.887165835931738839e+06 9.710324375144848191e-10
2.049037361185861519e+06 9.664564455982091342e-10
2.224793405854870565e+06 9.618896908978292184e-10
2.415624913676887751e+06 9.573328969911612679e-10
2.622824981510719750e+06 9.527851844734880945e-10
2.847797621513049584e+06 9.482473269883937999e-10
3.092067274890807457e+06 9.437190107057598654e-10
3.357289141695018858e+06 9.392001222511651511e-10
3.645260396652039140e+06 9.346911297129293194e-10
3.957932367032003589e+06 9.301912748441112617e-10
4.297423755073070526e+06 9.257014106938355751e-10
4.666034994558309205e+06 9.212208265379736080e-10
5.066263838826983236e+06 9.167499879559044818e-10
5.500822285846470855e+06 9.122887610874122721e-10
5.972654955031190068e+06 9.078369920985009369e-10
6.484959040331758559e+06 9.033951610979187406e-10
7.041205974799386226e+06 8.989625018807814827e-10
7.645164953426447697e+06 8.945398758064508004e-10
8.300928473657602444e+06 8.901265230167037195e-10
9.012940066636087373e+06 8.857229994503633426e-10
9.786024407096363604e+06 8.813291060613841261e-10
1.062542000593024306e+07 8.769447243680359041e-10
1.153681470695630088e+07 8.725702856135659185e-10
1.252638422842195816e+07 8.682050713269947819e-10
1.360083401040030830e+07 8.638499222626276875e-10
1.476744465164518915e+07 8.595040715918748790e-10
1.603412124378868192e+07 8.551681172342287247e-10
1.740944693717709184e+07 8.508417612829381184e-10
1.890274110131196305e+07 8.465250489791082109e-10
2.052412247400010377e+07 8.422181881096294794e-10
2.228457772711711377e+07 8.379207092050639180e-10
2.419603591359467804e+07 8.336333460840326585e-10
2.627144930009420589e+07 8.293551779958657136e-10
2.852488113309630752e+07 8.250870834718736012e-10
3.097160093312245607e+07 8.208285097941831206e-10
3.362818796281044185e+07 8.165797221996247061e-10
3.651264356995897740e+07 8.123406940012423828e-10
3.964451316678834707e+07 8.081112597957264476e-10
4.304501867196393758e+07 8.038918259307891872e-10
4.673720231282728165e+07 7.996817337543025466e-10
5.074608276225139201e+07 7.954817802923006022e-10
5.509882466812761128e+07 7.912911942772134196e-10
5.982492272422971576e+07 7.871106367515641702e-10
6.495640152974782139e+07 7.829396500600216514e-10
7.052803259175685048e+07 7.787785409393951930e-10
7.657756994106116891e+07 7.746272266394560368e-10
8.314600595797030628e+07 7.704855496328117569e-10
9.027784914151331782e+07 7.663538921167588114e-10
9.802142570429275930e+07 7.622316859390643620e-10
1.064292070366120189e+08 7.581196706222858472e-10
1.155581652588226646e+08 7.540170292470949871e-10
1.254701592711444348e+08 7.499245053209635936e-10
1.362323539168902040e+08 7.458415698542510295e-10
1.479176750993812084e+08 7.417686070217827594e-10
1.606053039364934564e+08 7.377054109805115198e-10
1.743812133012726903e+08 7.336520005581399750e-10
1.893387503842842579e+08 7.296085258712333274e-10
2.055792692252177000e+08 7.255747271730022951e-10
2.232128174998366237e+08 7.215510354599003378e-10
2.423588822160471082e+08 7.175368505351825625e-10
2.631471993719829917e+08 7.135328959770505282e-10
2.857186330624741316e+08 7.095383905673390656e-10
3.102261299908050299e+08 7.055541209794471499e-10
3.368357558536546230e+08 7.015794515879281801e-10
3.657278206218997240e+08 6.976148267453901982e-10
3.970981003422848582e+08 6.936600027644069615e-10
4.311591637390729785e+08 6.897151251637200014e-10
4.681418126048402786e+08 6.857801488601396667e-10
5.082966457407217026e+08 6.818550104755720480e-10
5.518957570435110331e+08 6.779399266701560473e-10
5.992345792460677624e+08 6.740345576153380145e-10
6.506338858044590950e+08 6.701393607821200175e-10
7.064419644968045950e+08 6.662537864088039302e-10
7.670369774624583721e+08 6.623785282535366687e-10
8.328295236733528376e+08 6.585127992542435283e-10
9.042654212012016773e+08 6.546573917239368825e-10
9.818287281334360838e+08 6.508115881813825218e-10
1.066045022608058691e+09 6.469760604446867123e-10
1.157484964193236351e+09 6.431502444024282362e-10
1.256768160743987083e+09 6.393346135001481378e-10
1.364567366938294649e+09 6.355288190753637519e-10
1.481613042942305088e+09 6.317331106751879824e-10
1.608698304094817877e+09 6.279473215813215302e-10
1.746684295150543928e+09 6.241715757116324890e-10
1.896506025498826027e+09 6.204058365210263143e-10
2.059178704897751331e+09 6.166501086278610223e-10
2.235804622655550957e+09 6.129044331322615702e-10
2.427580616873253345e+09 6.091686974278260255e-10
2.635806184361128807e+09 6.054431278740783226e-10
2.861892286182781696e+09 6.017274547702364036e-10
3.107370908494049072e+09 5.980220137252321131e-10
3.373905443462411404e+09 5.943264210130220714e-10
3.663301960608879089e+09 5.906411030320734231e-10
3.977521444948688984e+09 5.869656430281864269e-10
4.318693084857577324e+09 5.833004779072367828e-10
4.689128699703889847e+09 5.796451661257538623e-10
5.091338405010066032e+09 5.760002048703877872e-10
5.528047621292042732e+09 5.723650789539471519e-10
6.002215541831051826e+09 5.687403228932836240e-10
6.517055184516983032e+09 5.651253985735431362e-10
7.076055163637636185e+09 5.615209047912923429e-10
7.683003329141530991e+09 5.579262237167105417e-10
8.342012433556892395e+09 5.543419807670571976e-10
9.057548000489242554e+09 5.507675751350034281e-10
9.834458583537046432e+09 5.472036270431274794e-10
1.067800862066441727e+10 5.436495536438770512e-10
1.159391410665485954e+10 5.401059212510422597e-10
1.258838132536805916e+10 5.365721615908092953e-10
1.366814890425271034e+10 5.330488940309834248e-10
1.484053347608314323e+10 5.295355134452754618e-10
1.611347925732791328e+10 5.260326104193057488e-10
1.749561187909962463e+10 5.225396536685087201e-10
1.899629683545159531e+10 5.190571464542010575e-10
2.062570294507228470e+10 5.155846406975533275e-10
2.239487125640358353e+10 5.121225728000521352e-10
2.431578986308976746e+10 5.086705262334558753e-10
2.640147513671807098e+10 5.052289240966497948e-10
2.866605992729072952e+10 5.017974122710911724e-10
3.112488932908818436e+10 4.983762914758886387e-10
3.379462466084191895e+10 4.949653306156681292e-10
3.669335636479956818e+10 4.915647242561812672e-10
3.984072658970137024e+10 4.881743419301211956e-10
4.325806228830116272e+10 4.847942977499266279e-10
4.696851973132091522e+10 4.814245275747571034e-10
5.099724141707756042e+10 4.780650608958370184e-10
5.537152644002541351e+10 4.747159578821725641e-10
6.012101547264721680e+10 4.713771148451176167e-10
6.527789161415454102e+10 4.680487019781610253e-10
7.087709846697468567e+10 4.647304837967201599e-10
7.695657691873001099e+10 4.614228189722975145e-10
8.355752223418043518e+10 4.581252728814757753e-10
9.072466319920544434e+10 4.548383625992655490e-10
9.850656520834777832e+10 4.515615414817838194e-10
1.069559593496677094e+11 4.482953408828704089e-10
1.161300997168287964e+11 4.450393548143681768e-10
1.260911513696085815e+11 4.417939191978949232e-10
1.369066115716897736e+11 4.385587897145108852e-10
1.486497671601029968e+11 4.353341286068227370e-10
1.614001911454948120e+11 4.321199071362846566e-10
1.752442819082604980e+11 4.289160793439826138e-10
1.902758486441791077e+11 4.257227940310062465e-10
2.065967470266199036e+11 4.225398189296499960e-10
2.243175693926255188e+11 4.193675283834184181e-10
2.435583941296600037e+11 4.162054518520824139e-10
2.644495993409655151e+11 4.130540723107501035e-10
2.871327463029965210e+11 4.099130232834568337e-10
3.117615387013740845e+11 4.067825885394026528e-10
3.385028641452229004e+11 4.036626335997755758e-10
3.675379250173513184e+11 4.005531759337176043e-10
3.990634663230100708e+11 3.974543453262437840e-10
4.332931088573185425e+11 3.943659098657426753e-10
4.704587967250250244e+11 3.912881980910180501e-10
5.108123690211767578e+11 3.882208576242284905e-10
5.546272663226159668e+11 3.851642260863640030e-10
6.022003835536412354e+11 3.821181179114916037e-10
6.538540817811331787e+11 3.790825954861137056e-10
7.099383725712375488e+11 3.760577607682209274e-10
7.708332897091357422e+11 3.730433880932520023e-10
8.369514643528985596e+11 3.700398175815079579e-10
9.087409210709862061e+11 3.670466881820424351e-10
9.866881137097178955e+11 3.640643246461889670e-10
1.071321221662018921e+12 3.610925808509502745e-10
1.163213728873463867e+12 3.581314679057075908e-10
1.262988309837260986e+12 3.551811612292956546e-10
1.371321048910266846e+12 3.522413187882994159e-10
1.488946021540509521e+12 3.493123353959330672e-10
1.616660268449193848e+12 3.463939854026851693e-10
1.755329196472904541e+12 3.434863563402345961e-10
1.905892442662594482e+12 3.405895392977883121e-10
2.069370241375391357e+12 3.377032958513591308e-10
2.246870337503161133e+12 3.348279537294348733e-10
2.439595492682929199e+12 3.319632890714277069e-10
2.648851635351862305e+12 3.291093901362200369e-10
2.876056709872823730e+12 3.262663852153037675e-10
3.122750284692991699e+12 3.234339841202074511e-10
3.390603984641640137e+12 3.206125214111144445e-10
3.681432818057703125e+12 3.178018498565307433e-10
3.997207475500759277e+12 3.150019517791553266e-10
4.340067683383373047e+12 3.122130179532234769e-10
4.712336703010117188e+12 3.094347875129888155e-10
5.116537073270985352e+12 3.066674697652001683e-10
5.555407703663001953e+12 3.039111047054477033e-10
6.031922433464925781e+12 3.011654903642032549e-10
6.549310182823745117e+12 2.984308639133947634e-10
7.111076832299261719e+12 2.957071358068265537e-10
7.721028979125447266e+12 2.929942595338689822e-10
8.383299731163120117e+12 2.902924345116787108e-10
9.102376713327716797e+12 2.876014706408548736e-10
9.883132476266007812e+12 2.849214571530809306e-10
1.073085751333561719e+13 2.822525147586770539e-10
1.165129610961339453e+13 2.795944304722471817e-10
1.265068526585009375e+13 2.769473885993055130e-10
1.373579696112518164e+13 2.743114410078408503e-10
1.491398404057732422e+13 2.716863618986611995e-10
1.619323003915279883e+13 2.690724040154240228e-10
1.758220327898170898e+13 2.664695541190942588e-10
1.909031560695400781e+13 2.638776180743408210e-10
2.072778617050662500e+13 2.612968360887073409e-10
2.250571066377441406e+13 2.587272131047808890e-10
2.443613651332603516e+13 2.561685455016841491e-10
2.653214451295003906e+13 2.536210604974391397e-10
2.880793746066085938e+13 2.510847706612027654e-10
3.127893639853651562e+13 2.485595149053013943e-10
3.396188510752384766e+13 2.460454353849830670e-10
3.687496356527683594e+13 2.435425908125854523e-10
4.003791113583547656e+13 2.410508942714042368e-10
4.347216032588995312e+13 2.385703454977765827e-10
4.720098201397932031e+13 2.361010867161671430e-10
5.124964313671702344e+13 2.336430678441314823e-10
5.564557790053919531e+13 2.311961828281947554e-10
6.041857367913258594e+13 2.287606243144439390e-10
6.560097285619861719e+13 2.263363867150778243e-10
7.122789198127110938e+13 2.239233589312909608e-10
7.733745972360559375e+13 2.215216301284997151e-10
8.397107523655203125e+13 2.191312654416433066e-10
9.117368868311176562e+13 2.167522718686102640e-10
9.899410582355520312e+13 2.143845119109410897e-10
1.074853187290262969e+14 2.120281571944350127e-10
1.167048648620786719e+14 2.096832263533442166e-10
1.267152169573278281e+14 2.073497026156242167e-10
1.375842063440833750e+14 2.050275001966452009e-10
1.493854825794593750e+14 2.027167776115770647e-10
1.621990125064796250e+14 2.004175259151898934e-10
1.761116221188582188e+14 1.981297596505688291e-10
1.912175849042028750e+14 1.958533752433581558e-10
2.076192606523074375e+14 1.935885224064630729e-10
2.254277890571951250e+14 1.913352201726146175e-10
2.447638428128189062e+14 1.890934704470112106e-10
2.657584453055085938e+14 1.868632058299399548e-10
2.885538584439251875e+14 1.846444985526552326e-10
3.133045466425694375e+14 1.824374088098891211e-10
3.401782234909252500e+14 1.802419547913202583e-10
3.693569882005602500e+14 1.780581309122417113e-10
4.010385595309239375e+14 1.758858673633120439e-10
4.354376155550257500e+14 1.737252862325736522e-10
4.727872483434520625e+14 1.715764131379314181e-10
5.133405434237803750e+14 1.694392418803441889e-10
5.573722947180516250e+14 1.673138139355814549e-10
6.051808665788556250e+14 1.652001016824798487e-10
6.570902155414867500e+14 1.630981134957804201e-10
7.134520854916978750e+14 1.610079180176061985e-10
7.746483911238750000e+14 1.589295456558196051e-10
8.410938058401485000e+14 1.568630011998884363e-10
9.132385716264191250e+14 1.548083353737610507e-10
9.915715499452463750e+14 1.527655309057277166e-10
1.076623534318933875e+15 1.507345912127504141e-10
1.168970847049219500e+15 1.487155645561441085e-10
1.269239244445279000e+15 1.467084819473790532e-10
1.378108157022493500e+15 1.447133869949484927e-10
1.496315293403928250e+15 1.427302818208993731e-10
1.624661639121230500e+15 1.407592267630979671e-10
1.764016884187219750e+15 1.388002155871640018e-10
1.915325316218284500e+15 1.368532953510567122e-10
2.079612219038883750e+15 1.349185024803773720e-10
2.257990820126026500e+15 1.329958275874189850e-10
2.451669833970174500e+15 1.310853138883696814e-10
2.661961652467575500e+15 1.291870330031387191e-10
2.890291237842986000e+15 1.273010000377628868e-10
3.138205778362051000e+15 1.254272638089181999e-10
3.407385172261998000e+15 1.235658713558169304e-10
3.699653410940654000e+15 1.217168812799958262e-10
4.016990938537923500e+15 1.198803126129128936e-10
4.361548071659253000e+15 1.180562376298712271e-10
4.735659570175254000e+15 1.162447484335080188e-10
5.141860457830746000e+15 1.144458509461914283e-10
5.582903199865142000e+15 1.126596817287374264e-10
6.061776354042477000e+15 1.108863023319015959e-10
6.581724821472062000e+15 1.091258102540668969e-10
7.146271834442253000e+15 1.073783234249631509e-10
7.759242830258673000e+15 1.056439512436897310e-10
8.424791372859808000e+15 1.039228972298988376e-10
9.147427297857546000e+15 1.022153026154457040e-10
9.932047271716078000e+15 1.005213330622177011e-10
1.078396797214309000e+16 9.884118787519455507e-11
1.170896211452616600e+16 9.717499673537770493e-11
1.271329756853538400e+16 9.552279495751208877e-11
1.380377982994852200e+16 9.388432232231927857e-11
1.498779813549534200e+16 9.225852549891961660e-11
1.627337553319967600e+16 9.064230367118673222e-11
1.766922324750069600e+16 8.902820264321083410e-11
1.918479970754008000e+16 8.739975041508157181e-11
2.083037463859586000e+16 8.573155343170027132e-11
2.261709865095576000e+16 8.402675963051899337e-11
2.455707879776983600e+16 8.240784568017507538e-11
2.666346061387444400e+16 8.105018636216995283e-11
2.895051719149120000e+16 7.996258643677039603e-11
3.143374589638607600e+16 7.903971946932474581e-11
3.412997337985289600e+16 7.820228843214616587e-11
3.705746959809142400e+16 7.742552653332722035e-11
4.023607161159174400e+16 7.674531597135326571e-11
4.368731800339977600e+16 7.629945130855489650e-11
4.743459482710356000e+16 7.646475904864116770e-11
5.150329407349660800e+16 7.821187231904652401e-11
5.592098572971123200e+16 8.391485436616209147e-11
6.071760459670850400e+16 9.819027020583561051e-11
6.592565313102975200e+16 1.259217443700824043e-10
7.158042168528656000e+16 1.593985766249289740e-10
7.772022763975929600e+16 1.799130660475984813e-10
8.438667504549814400e+16 1.811117685999876717e-10
9.162493653829054400e+16 1.702121759731853785e-10
9.948405943378499200e+16 1.533513312338537222e-10
1.080172980778963360e+17 1.343974988432836599e-10
1.172824747045517440e+17 1.136528555577684202e-10
1.273423712459872000e+17 9.206266013591327160e-11
1.382651547505373280e+17 7.040353174698108359e-11
1.501248392906179200e+17 4.867739112229635925e-11
1.630017874908290560e+17 2.894435079413364157e-11
1.769832550746056320e+17 1.256179988416713137e-11
1.921639821193080000e+17 2.071925210973046905e-12
2.086468350261904640e+17 9.929695417616485456e-13
2.265435035553033280e+17 1.453338569308024166e-11
2.459752576485021760e+17 4.951770073668523533e-11
2.670737691689179840e+17 1.166552268499984007e-10
2.899820041250650880e+17 2.296842357330361860e-10
3.148551914254268800e+17 4.068029387649519279e-10
3.418618747278787200e+17 6.732348173212214188e-10
3.711850545114491520e+17 1.062415204973944203e-09
4.030234281091964800e+17 1.622072184698261343e-09
4.375927361048420480e+17 2.415853289536102700e-09
4.751272242164535680e+17 3.529909913358201165e-09
5.158812305731333120e+17 5.078488621142779754e-09
5.601309091402646400e+17 7.217565552279297164e-09
6.081761009714065920e+17 1.015497610634958688e-08
6.603423659667384320e+17 1.417290212608034709e-08
7.169831889054241280e+17 1.964549856488347151e-08
7.784823747002912000e+17 2.707113860648530364e-08
8.452566491052631040e+17 3.712195243148934105e-08
9.177584824983511040e+17 5.069353515689771725e-08
9.964791558744552960e+17 6.896807387896975478e-08
1.081952089823425664e+18 9.352300582208805329e-08
1.174756459051073792e+18 1.264578681936755698e-07
1.275521116935437056e+18 1.705611985335544358e-07
1.384928856711656704e+18 2.294758204192045384e-07
1.503721038159607040e+18 3.080652684808735401e-07
1.632702611145437696e+18 4.127217726639579210e-07
1.772747570057079296e+18 5.518416984775001222e-07
1.924804876093470464e+18 7.364771718408451029e-07
2.089904887537885184e+18 9.810445398707904245e-07
2.269166341587449856e+18 1.304432675366262556e-06
2.463803935048729088e+18 1.731241944020838434e-06
2.675136555266793472e+18 2.293444551282642473e-06
2.904596217061844992e+18 3.032424368337784306e-06
3.153737766231023104e+18 4.001627220489061577e-06
3.424249415367213056e+18 5.269919094766145700e-06
3.717964183387264512e+18 6.925300917411163601e-06
4.036872316284830208e+18 9.080158287397482804e-06
4.383134773272652800e+18 1.187705315418653388e-05
4.759097869697490944e+18 1.549593103523625885e-05
5.167309175950389248e+18 2.016230663830799791e-05
5.610534780104984576e+18 2.615696183432818532e-05
6.091778031257075712e+18 3.382659476295563284e-05
6.614299890573343744e+18 4.359535294510910472e-05
7.181641027949654016e+18 5.597619385963354695e-05
7.797645814009115648e+18 7.158184753051722107e-05
8.466488370011597824e+18 9.113281322692984190e-05
9.192700852193112064e+18 1.154623481475233428e-04
9.981204162192158720e+18 1.455085448740802117e-04
1.083734129166135091e+19 1.823010934892625842e-04
1.176691352701006848e+19 2.269237575864585684e-04
1.277621975960725709e+19 2.804573875921988571e-04
1.387209916781438976e+19 3.438878887589066078e-04
1.506197756006602957e+19 4.179801251925155674e-04
1.635391769302611558e+19 5.031070880375748764e-04
1.775667390578013798e+19 5.990386513299312665e-04
1.927975144027235533e+19 7.046911538190685047e-04
2.093347084994818048e+19 8.178701947373580219e-04
2.272903793304485478e+19 9.350265071834916453e-04
2.467861966440577024e+19 1.051093496610194279e-03
2.679542664033941504e+19 1.159471407729168596e-03
2.909380259518253056e+19 1.252243257721937864e-03
3.158932159613940122e+19 1.320719318022063691e-03
3.429889357500353331e+19 1.356325437605567039e-03
3.724087891185326490e+19 1.351852359061325552e-03
4.043521284715851776e+19 1.302893399790528220e-03
4.390354056532824064e+19 1.209231540891563808e-03
4.766936386503710310e+19 1.075797690069633028e-03
5.175820041019318272e+19 9.127598183737792997e-04
5.619775664064475136e+19 7.344673728995088384e-04
6.101811551429419827e+19 5.572206793218744498e-04
6.625194035277480755e+19 3.962640842266980032e-04
7.193469617198161920e+19 2.628188270046681466e-04
7.810488999721105818e+19 1.621103740855536898e-04
8.480433179131948237e+19 9.313646842636782801e-05
9.207841776397102285e+19 5.024928781498087961e-05
9.997643798172291891e+19 2.583697678482934243e-05
1.085519103633466655e+20 1.287085709182104955e-05
1.178629433235683082e+20 6.290149432309537905e-06
1.279726295225586811e+20 3.049315013542053129e-06
