5.000000032115278770e-02 2.150962909357868088e-09
5.425654275944571947e-02 2.144345484068130573e-09
5.887544826599096920e-02 2.137736909219974669e-09
6.388756511615206746e-02 2.131136482898537005e-09
6.932636772514044754e-02 2.124545314616991786e-09
7.522818021352800644e-02 2.117963303158548443e-09
8.163241900508187709e-02 2.111390503956938235e-09
8.858185607715807208e-02 2.104826180907588360e-09
9.612290462182512818e-02 2.098270893587503480e-09
1.043059290255607535e-01 2.091724941356345393e-09
1.131855812377836890e-01 2.085188262586422566e-09
1.228211657747233509e-01 2.078660700064883377e-09
1.332770357963791730e-01 2.072141628030340546e-09
1.446230229018467539e-01 2.065631879517782375e-09
1.569349035134853243e-01 2.059131425876560960e-09
1.702949049647644597e-01 2.052640188198860409e-09
1.847922546717988279e-01 2.046157349260771307e-09
2.005237760563213512e-01 2.039683474326205146e-09
2.175945352000845379e-01 2.033218855859668237e-09
2.361185425494995438e-01 2.026763431762873587e-09
2.562195143569863109e-01 2.020317054836905751e-09
2.780316989444718279e-01 2.013879154485405707e-09
3.017007733074006937e-01 2.007450572039035351e-09
3.273848160474056024e-01 2.001031227927210253e-09
3.552553631315616411e-01 1.994621216763173959e-09
3.854985535293211640e-01 1.988219671359235140e-09
4.183163723784924515e-01 1.981827098654668361e-09
4.539279999829931023e-01 1.975443855312776700e-09
4.925712756519261548e-01 1.969069909857572648e-09
5.345042861565184600e-01 1.962705108007036600e-09
5.800070894137452360e-01 1.956348628278121883e-09
6.293835849086047984e-01 1.950001510882882948e-09
6.829635433470261363e-01 1.943663675021606598e-09
7.411048090948521017e-01 1.937335150697009223e-09
8.041956901123205048e-01 1.931015333434644876e-09
8.726575513456933386e-01 1.924704399450760695e-09
9.469476288965191779e-01 1.918402709499095185e-09
1.027562083763505996e+00 1.912110387162682205e-09
1.115039315552036836e+00 1.905827362545355151e-09
1.209963558282580065e+00 1.899552704506222469e-09
1.312968782313326699e+00 1.893287269046875992e-09
1.424742928436804501e+00 1.887031205786676202e-09
1.546032502428735578e+00 1.880784394228902262e-09
1.677647560734727206e+00 1.874546668823688534e-09
1.820467120592709653e+00 1.868317528141564606e-09
1.975445030723673723e+00 1.862097729437700023e-09
2.143616341799305047e+00 1.855887330181357680e-09
2.326104219232914883e+00 1.849686181897281829e-09
2.524127444462143099e+00 1.843493752194680529e-09
2.739008554822210950e+00 1.837310331292387773e-09
2.972182676373482657e+00 1.831136248131510656e-09
3.225207108675149925e+00 1.824971495112303517e-09
3.499771725518802334e+00 1.818816099549699552e-09
3.797710261085297301e+00 1.812669133062268700e-09
4.121012556901709978e+00 1.806531462915246132e-09
4.471837851392145957e+00 1.800403172977756490e-09
4.852529200779250651e+00 1.794284227097660379e-09
5.265629127649339658e+00 1.788174383080116725e-09
5.713896601693111421e+00 1.782073235071759228e-09
6.200325466031237909e+00 1.775981446063176718e-09
6.728164432188708410e+00 1.769898946388656351e-09
7.300938777258235923e+00 1.763825879815130663e-09
7.922473888161648325e+00 1.757761725613151216e-09
8.596920810254186307e+00 1.751706458253742619e-09
9.328783970903204548e+00 1.745660549879968356e-09
1.012295126319855498e+01 1.739624068658465631e-09
1.098472669071482954e+01 1.733596937622940490e-09
1.191986579134991864e+01 1.727578513220535820e-09
1.293461407682488229e+01 1.721569308018641156e-09
1.403574874457116373e+01 1.715569402174797744e-09
1.523062394058608149e+01 1.709578933660542625e-09
1.652721987555367988e+01 1.703597863594779260e-09
1.793419612226245263e+01 1.697625349589413420e-09
1.946094945027761369e+01 1.691662163424688451e-09
2.111767658412795257e+01 1.685708365887605349e-09
2.291544230415052397e+01 1.679764019375819350e-09
2.486625334481776406e+01 1.673828955318995789e-09
2.698313858409211008e+01 1.667902549985996851e-09
2.928023605936825646e+01 1.661985530463591005e-09
3.177288739115655147e+01 1.656077948723166593e-09
3.447774024513434910e+01 1.650179778907017755e-09
3.741285951687898148e+01 1.644290788436519991e-09
4.059784798185138044e+01 1.638410631455813523e-09
4.405397721641480047e+01 1.632539889268740446e-09
4.780432966427128605e+01 1.626678551866143620e-09
5.187395279713416585e+01 1.620826650872212783e-09
5.629002639922961748e+01 1.614983949518613721e-09
6.108204409286925340e+01 1.609150102029692775e-09
6.628201031744917771e+01 1.603325710897847688e-09
7.192465407743796391e+01 1.597510720301697481e-09
7.804766088691265224e+01 1.591705209111396512e-09
8.469192445972898042e+01 1.585908830464654767e-09
9.190181982629017909e+01 1.580121398428207065e-09
9.972549970097728078e+01 1.574343437144884150e-09
1.082152160795910305e+02 1.568574908284227486e-09
1.174276692146553671e+02 1.562815862070117659e-09
1.274243862992857856e+02 1.557065935027891773e-09
1.382721323887370204e+02 1.551325049589649690e-09
1.500433563040481886e+02 1.545593562293590451e-09
1.628166744958462857e+02 1.539871585820702451e-09
1.766773960998841062e+02 1.534159116870785269e-09
1.917180926910018854e+02 1.528455790430174425e-09
2.080392165407270397e+02 1.522761515676916895e-09
2.257497715076675888e+02 1.517076651561952396e-09
2.449680410413735672e+02 1.511401332802433634e-09
2.658223781617869577e+02 1.505735493932990471e-09
2.884520626903072866e+02 1.500078852763930028e-09
3.130082314576703197e+02 1.494431274364734565e-09
3.396548877012093044e+02 1.488793164298265381e-09
3.685699963929624232e+02 1.483164579946624523e-09
3.999466728139908014e+02 1.477545470318915157e-09
4.339944723130362831e+02 1.471935709277232022e-09
4.709407898634269714e+02 1.466334884821886702e-09
5.110323787654540979e+02 1.460743635416267294e-09
5.545369986371605364e+02 1.455161846873412110e-09
6.017452036999931124e+02 1.449589592714518073e-09
6.529722833027238948e+02 1.444026799857773159e-09
7.085603676438190632e+02 1.438472891472817981e-09
7.688807127557455487e+02 1.432928515165898967e-09
8.343361800119167810e+02 1.427393666834930679e-09
9.053639267161806856e+02 1.421868365404259531e-09
9.824383257444669653e+02 1.416352589321804266e-09
1.066074133738005457e+03 1.410845780470820412e-09
1.156829929007520377e+03 1.405348426250718413e-09
1.255311842109124200e+03 1.399860616853566285e-09
1.362177604007300488e+03 1.394382338527920615e-09
1.478140938861447466e+03 1.388913628731670891e-09
1.603976330774038388e+03 1.383454096319633033e-09
1.740524196336126124e+03 1.378003854082498612e-09
1.888696497516016279e+03 1.372563202264413390e-09
2.049482832377920658e+03 1.367132069602998730e-09
2.223957044308652257e+03 1.361710518507155597e-09
2.413284393893393826e+03 1.356298402788895546e-09
2.618729341339355869e+03 1.350895360071678269e-09
2.841663991423713014e+03 1.345501959931613257e-09
3.083577257367170205e+03 1.340118106080357702e-09
3.346084804835836621e+03 1.334743827039410557e-09
3.630939842484415294e+03 1.329379191120610242e-09
3.940044831107489699e+03 1.324023525748942180e-09
4.275464189600788814e+03 1.318677461890939944e-09
4.639438082591706006e+03 1.313340969260910312e-09
5.034397381822542229e+03 1.308014134328721663e-09
5.462979901208904266e+03 1.302696878605519503e-09
5.928048014002489253e+03 1.297388898972508363e-09
6.432707769717828342e+03 1.292090289474044736e-09
6.980329638499238172e+03 1.286801270146627291e-09
7.574571021473314431e+03 1.281521898944162390e-09
8.219400677426825496e+03 1.276252181183292831e-09
8.919125228948478252e+03 1.270992048895608421e-09
9.678417925060868583e+03 1.265741043735070462e-09
1.050234985243984556e+04 1.260499615992749478e-09
1.139642380367135775e+04 1.255267878203158584e-09
1.236661102874177413e+04 1.250045747528937641e-09
1.341939111521372979e+04 1.244833272796731379e-09
1.456179526343517682e+04 1.239630250906644407e-09
1.580145324580365559e+04 1.234436547389458586e-09
1.714664436371272313e+04 1.229252492955161879e-09
1.860635274250613293e+04 1.224078140355541420e-09
2.019032733373869269e+04 1.218913433765299533e-09
2.190914702548031710e+04 1.213758400160434018e-09
2.377429129551552614e+04 1.208612680229335383e-09
2.579821687930975168e+04 1.203476493070852130e-09
2.799444096478457504e+04 1.198349964363749684e-09
3.037763146953505566e+04 1.193233184478992480e-09
3.296370500342255400e+04 1.188126031224073045e-09
3.576993317080674751e+04 1.183028615726028553e-09
3.881505792237658170e+04 1.177940398202720051e-09
4.211941672698040202e+04 1.172861885026157562e-09
4.570507839944025909e+04 1.167793070282255308e-09
4.959599049150319479e+04 1.162733981652980581e-09
5.381813923030913429e+04 1.157684587471771316e-09
5.839972307255675696e+04 1.152644862775109685e-09
6.337134103348165809e+04 1.147614438730888901e-09
6.876619704844120133e+04 1.142593781532373350e-09
7.462032173197394877e+04 1.137582848392970663e-09
8.097281301539596461e+04 1.132581643564996753e-09
8.786609727007987385e+04 1.127590191112523027e-09
9.534621266037991154e+04 1.122608374508816857e-09
1.034631166186328337e+05 1.117635944523470254e-09
1.122710194957644562e+05 1.112673289279131141e-09
1.218287466158573807e+05 1.107720390618841585e-09
1.322001311527301150e+05 1.102777266614014568e-09
1.434544404524328711e+05 1.097843882801732825e-09
1.556668386489389522e+05 1.092920248453187416e-09
1.689188886627025204e+05 1.088005950085508556e-09
1.832990969347787614e+05 1.083101497729707451e-09
1.989035045346239931e+05 1.078206793120873158e-09
2.158363285893999564e+05 1.073321925958470269e-09
2.342106583187030919e+05 1.068446806039003681e-09
2.541492103233184607e+05 1.063581490734837872e-09
2.757851481723465840e+05 1.058725611722738052e-09
2.992629717624772456e+05 1.053879512957699437e-09
3.247394823891725391e+05 1.049043242603223918e-09
3.523848299751809682e+05 1.044216770536728985e-09
3.823836494504969451e+05 1.039400119275894431e-09
4.149362938733170158e+05 1.034593303862705220e-09
4.502601725276252255e+05 1.029796071081970821e-09
4.885912029341617599e+05 1.025008540479050143e-09
5.301853864723172737e+05 1.020230846241056547e-09
5.753205181360552087e+05 1.015462987201551630e-09
6.242980418428047560e+05 1.010705005588561234e-09
6.774450636863802793e+05 1.005956863920845596e-09
7.351165365798161365e+05 1.001218526804425155e-09
7.976976308787127491e+05 9.964897433840521537e-10
8.656063068177513778e+05 9.917708336140484159e-10
9.392961059409134323e+05 9.870617963193716212e-10
1.019259180168522405e+06 9.823626611672725788e-10
1.106029578731331276e+06 9.776733798302325094e-10
1.200186814924095524e+06 9.729940166371854041e-10
1.302359736499914434e+06 9.683243227800151075e-10
1.413230725554502103e+06 9.636644081982332864e-10
1.533540255950192921e+06 9.590143626333071093e-10
1.664091838717305567e+06 9.543742655205928999e-10
1.805757388461723225e+06 9.497440768928896388e-10
1.959483046619302360e+06 9.451238125434428174e-10
2.126295500448864885e+06 9.405134515402340360e-10
2.307308839966445230e+06 9.359127910726968630e-10
2.503731998616121244e+06 9.313219932547123323e-10
2.716876827371511143e+06 9.267411239360934212e-10
2.948166856192353647e+06 9.221702197134816747e-10
3.199146801351325121e+06 9.176092488721524357e-10
3.471492882127652410e+06 9.130582792771021903e-10
3.767024015769605059e+06 9.085172240188823433e-10
4.087713965493628755e+06 9.039859378102559526e-10
4.435704522652993910e+06 8.994645426659092020e-10
4.813319811115559191e+06 8.949530898253089762e-10
5.223081809385427274e+06 8.904517055598640731e-10
5.667727194135934114e+06 8.859602323647696812e-10
6.150225617646965198e+06 8.814787834543923516e-10
6.673799541215823032e+06 8.770073222884055124e-10
7.241945757003506646e+06 8.725457971017189408e-10
7.858458742053613998e+06 8.680940798768049159e-10
8.527456000459134579e+06 8.636523867900075606e-10
9.253405562928905711e+06 8.592207236840670873e-10
1.004115582741598040e+07 8.547990794745368469e-10
1.089596794010367058e+07 8.503874964040217383e-10
1.182355093301234394e+07 8.459859261932669033e-10
1.283009985290095583e+07 8.415944213954809169e-10
1.392233713611361012e+07 8.372127584678468913e-10
1.510755750570269488e+07 8.328410926216252741e-10
1.639367669068134204e+07 8.284794884493925766e-10
1.778928429278802127e+07 8.241279501431125801e-10
1.930370115384308621e+07 8.197865066129001014e-10
2.094704160683693364e+07 8.154551499194007612e-10
2.273028102650692686e+07 8.111338956086469919e-10
2.466532913055099174e+07 8.068227014684400200e-10
2.676510952103711292e+07 8.025214107480587298e-10
2.904364599723895267e+07 7.982301781284506336e-10
3.151615621635804325e+07 7.939490667613778256e-10
3.419915332766090333e+07 7.896781007433318170e-10
3.711055625881824642e+07 7.854172394648322093e-10
4.026980939101263136e+07 7.811665206966109896e-10
4.369801242208927125e+07 7.769259279724906620e-10
4.741806128506880254e+07 7.726954732422474377e-10
5.145480106316991895e+07 7.684750974607012137e-10
5.583519192262062430e+07 7.642647190092061029e-10
6.058848917146714032e+07 7.600645334296660539e-10
6.574643864694526792e+07 7.558745169040826561e-10
7.134348873634217680e+07 7.516946606592024536e-10
7.741702044737370312e+07 7.475250046425420486e-10
8.400759706465102732e+07 7.433655167153663801e-10
9.115923505960950255e+07 7.392162305380801767e-10
9.891969806323483586e+07 7.350771634361106152e-10
1.073408158649312109e+08 7.309481883079237290e-10
1.164788305680383891e+08 7.268293286589901713e-10
1.263947722138597965e+08 7.227207038946305855e-10
1.371548663828801513e+08 7.186223050591661371e-10
1.488309764954267144e+08 7.145341320120489139e-10
1.615010837657528818e+08 7.104562144665480573e-10
1.752498080150290728e+08 7.063885501516070387e-10
1.901689728215753436e+08 7.023311253055971626e-10
2.063582187828236222e+08 6.982839559053402171e-10
2.239256689847790599e+08 6.942470614282236837e-10
2.429886511234730184e+08 6.902203154199875949e-10
2.636744811012198031e+08 6.862038179707440045e-10
2.861213133310862780e+08 6.821976029601694695e-10
3.104790634285134077e+08 6.782016968712158225e-10
3.369104094524410367e+08 6.742160873439142941e-10
3.655918783829585314e+08 6.702407865649956670e-10
3.967150250916979909e+08 6.662757925706100206e-10
4.304877116789986491e+08 6.623211370686979936e-10
4.671354957221143842e+08 6.583768411802339548e-10
5.069031367061675191e+08 6.544428496261845132e-10
5.500562306988662481e+08 6.505192161026503282e-10
5.968829841864378452e+08 6.466058052056268951e-10
6.476961389177538157e+08 6.427027196080764306e-10
7.028350606120301485e+08 6.388100274175304631e-10
7.626680054800243378e+08 6.349277139815745619e-10
8.275945796960784197e+08 6.310557722834587227e-10
8.980484082470991611e+08 6.271942418690693426e-10
9.745000309829524755e+08 6.233430993651133364e-10
1.057460045210028172e+09 6.195023769484915686e-10
1.147482515816524744e+09 6.156720603706664359e-10
1.245168675704522371e+09 6.118521439638832353e-10
1.351170941243047953e+09 6.080426906359377894e-10
1.466197269560015917e+09 6.042436593692117542e-10
1.591015886774124861e+09 6.004550140824505629e-10
1.726460418745207787e+09 5.966767574466523632e-10
1.873435458609615088e+09 5.929089868644797830e-10
2.032922608284717560e+09 5.891516667587122831e-10
2.205987034291692734e+09 5.854048286832841547e-10
2.393784581681195259e+09 5.816684987851221669e-10
2.597569493573415279e+09 5.779426301548588633e-10
2.818702787869265556e+09 5.742272784226178288e-10
3.058661347078008652e+09 5.705224363173218330e-10
3.319047781969602108e+09 5.668281039052985602e-10
3.601601134928267479e+09 5.631443072315482404e-10
3.908208494491428375e+09 5.594710441848204698e-10
4.240917598644423485e+09 5.558083142216702004e-10
4.601950511044148445e+09 5.521561364373984013e-10
4.993718461511457443e+09 5.485145205965582888e-10
5.418837949907113075e+09 5.448834663265729291e-10
5.880148220944319725e+09 5.412629388270148953e-10
6.380730226647112846e+09 5.376529830600839916e-10
6.923927203098555565e+09 5.340536132323177254e-10
7.513366998905366898e+09 5.304648419025345359e-10
8.152986304503249168e+09 5.268866887596964039e-10
8.847056944123962402e+09 5.233191506644535543e-10
9.600214406019571304e+09 5.197622360012399908e-10
1.041748880148882484e+10 5.162159787374927212e-10
1.130433845947213745e+10 5.126803519119303162e-10
1.226668638108230591e+10 5.091553809000018954e-10
1.331095979754104805e+10 5.056410881698648793e-10
1.444413309571548080e+10 5.021374501958616854e-10
1.567377439794268799e+10 4.986445023471164413e-10
1.700809610723375320e+10 4.951622422271349180e-10
1.845600975543379974e+10 4.916906763452564374e-10
2.002718552065314484e+10 4.882298364526109096e-10
2.173211681146675873e+10 4.847797116200667362e-10
2.358219034922264099e+10 4.813403134835992368e-10
2.558976221651521683e+10 4.779116430034437136e-10
2.776824037973123550e+10 4.744937285086708544e-10
3.013217423680841827e+10 4.710865723841471069e-10
3.269735178827232742e+10 4.676901741242460173e-10
3.548090508052498627e+10 4.643045536210517276e-10
3.850142462560991669e+10 4.609297220624340023e-10
4.177908356163033295e+10 4.575656811549725310e-10
4.533577238304676819e+10 4.542124272685961041e-10
4.919524514068182373e+10 4.508700118934173613e-10
5.338327808785250092e+10 4.475384171008025531e-10
5.792784183218516541e+10 4.442176641349678431e-10
6.285928814285869598e+10 4.409077313103692241e-10
6.821055266090634918e+10 4.376086793582996622e-10
7.401737486642024231e+10 4.343204753918728364e-10
8.031853677174649048e+10 4.310431412088127136e-10
8.715612193483911133e+10 4.277767134441568570e-10
9.457579652263549805e+10 4.245211704168518163e-10
1.026271143016003723e+11 4.212765340823187858e-10
1.113638475923701477e+11 4.180428142081120447e-10
1.208443463988463745e+11 4.148200207298568234e-10
1.311319281102582092e+11 4.116081476987693373e-10
1.422953003788848572e+11 4.084072373854584780e-10
1.544090199977254028e+11 4.052172917933382150e-10
1.675539908428050537e+11 4.020383140919809182e-10
1.818180042057411194e+11 3.988703170375654610e-10
1.972963251252726746e+11 3.957133169284608629e-10
2.140923286336899109e+11 3.925673118720597877e-10
2.323181901674699402e+11 3.894323223824643293e-10
2.520956347531427612e+11 3.863083436675278928e-10
2.735567499720004272e+11 3.831954282764837266e-10
2.968448681331652222e+11 3.800935437723105295e-10
3.221155235468168945e+11 3.770027225726158805e-10
3.495374912908829956e+11 3.739229675212219618e-10
3.792939144088369751e+11 3.708543083222421628e-10
4.115835270667892456e+11 3.677967246177612368e-10
4.466219818389760742e+11 3.647502611739743028e-10
4.846432899862062378e+11 3.617149122116625706e-10
5.259013843464061890e+11 3.586906898409200386e-10
5.706718152753942871e+11 3.556776031055560001e-10
6.192535909644974365e+11 3.526756803458870251e-10
6.719711744260018311e+11 3.496849338956152798e-10
7.291766504836459961e+11 3.467053402917380804e-10
7.912520772408494873e+11 3.437369494753824138e-10
8.586120377314570312e+11 3.407797435735041179e-10
9.317064087946286621e+11 3.378337722743515538e-10
1.011023365666450684e+12 3.348990003019928296e-10
1.097092642354921143e+12 3.319754218776979673e-10
1.190489069573481689e+12 3.290631082504970790e-10
1.291836413861793213e+12 3.261620625054803038e-10
1.401811543534111816e+12 3.232722831997401992e-10
1.521148949278442139e+12 3.203937913104243814e-10
1.650645649598042725e+12 3.175266176200742260e-10
1.791166513857427246e+12 3.146707501877555661e-10
1.943650038483680908e+12 3.118262047254673859e-10
2.109114614900798828e+12 3.089930119802572581e-10
2.288665331058521973e+12 3.061711869153341687e-10
2.483501351981082520e+12 3.033607166281675742e-10
2.694923928628416992e+12 3.005616096396368332e-10
2.924345088558386719e+12 2.977738525455724759e-10
3.173297066432607422e+12 2.949974874083272332e-10
3.443442537349059570e+12 2.922325489833172920e-10
3.736585721347181152e+12 2.894790552573466893e-10
4.054684433248682617e+12 2.867370098303806727e-10
4.399863158311748047e+12 2.840064387371906083e-10
4.774427241026624023e+12 2.812873396558186852e-10
5.180878281815391602e+12 2.785797449435293980e-10
5.621930844466047852e+12 2.758836266677803179e-10
6.100530585884319336e+12 2.731989533843125657e-10
6.619873929246977539e+12 2.705258381217322772e-10
7.183429411946992188e+12 2.678642652358319516e-10
7.794960850907759766e+12 2.652142499066914084e-10
8.458552479979911133e+12 2.625758344288123927e-10
9.178636227306005859e+12 2.599490179812576446e-10
9.960021314830769531e+12 2.573338001584112923e-10
1.080792637764219727e+13 2.547301122744951515e-10
1.172801431766004297e+13 2.521380828008914547e-10
1.272643012444768359e+13 2.495576968004056842e-10
1.380984191574247070e+13 2.469889898178423084e-10
1.498548547180076953e+13 2.444319723586435712e-10
1.626121256098951953e+13 2.418866711058647739e-10
1.764554337937700781e+13 2.393529777486271073e-10
1.914772345454953516e+13 2.368310235728498457e-10
2.077778539369934766e+13 2.343208197465938979e-10
2.254661588837850000e+13 2.318223936905472152e-10
2.446602842342551953e+13 2.293357521743789886e-10
2.654884217566328516e+13 2.268608720736820872e-10
2.880896762931136719e+13 2.243977321286217818e-10
3.126149947991011719e+13 2.219464402157748772e-10
3.392281744723446484e+13 2.195069988068045809e-10
3.681069567049789844e+13 2.170794428956711569e-10
3.994442141646094531e+13 2.146636892969865993e-10
4.334492389326389844e+13 2.122598068324010820e-10
4.703491403028790625e+13 2.098678417544266485e-10
5.103903615759672656e+13 2.074878293097227936e-10
5.538403259797626562e+13 2.051197592213156446e-10
6.009892227083387500e+13 2.027635541350620530e-10
6.521519450080138281e+13 2.004193465466158008e-10
7.076701932542535938e+13 1.980871666704222513e-10
7.679147570653351562e+13 1.957670218495612432e-10
8.332879916942379688e+13 1.934587952693616785e-10
9.042265052379226562e+13 1.911626446998964801e-10
9.812040746109843750e+13 1.888785897567045960e-10
1.064734809758612031e+14 1.866066293346747958e-10
1.155376587241723438e+14 1.843466712673141548e-10
1.253734776126050156e+14 1.820988892123375169e-10
1.360466281059395625e+14 1.798632864226548196e-10
1.476283929539407500e+14 1.776397673645262898e-10
1.601961232673259375e+14 1.754284237674829711e-10
1.738337551224786562e+14 1.732293250910973723e-10
1.886323701451590625e+14 1.710424310441975777e-10
2.046908038171883438e+14 1.688677341546095736e-10
2.221163055687861250e+14 1.667053236987002380e-10
2.410252550651410625e+14 1.645552303986797273e-10
2.615439394710510000e+14 1.624173511424439610e-10
2.838093968847763750e+14 1.602918540102429199e-10
3.079703315741162500e+14 1.581787091855318176e-10
3.341881071273249375e+14 1.560778668240352726e-10
3.626378241517965625e+14 1.539894894885621170e-10
3.935094897181521250e+14 1.519135072589532178e-10
4.270092863601083125e+14 1.498499283364223833e-10
4.633609491053583750e+14 1.477988864979957249e-10
5.028072597342846875e+14 1.457602445365715466e-10
5.456116682461661250e+14 1.437341802587298819e-10
5.920600523621792500e+14 1.417206560685663906e-10
6.424626268163880000e+14 1.397196621099237557e-10
6.971560151863132500e+14 1.377313527484134284e-10
7.565054981001447500e+14 1.357555695692702983e-10
8.209074528357933750e+14 1.337925107621951312e-10
8.907920006050461250e+14 1.318421399409869720e-10
9.666258792033081250e+14 1.299044682971338026e-10
1.048915560210381500e+15 1.279796233477437334e-10
1.138210631561253500e+15 1.260675026158516596e-10
1.235107468078016250e+15 1.241683226360314225e-10
1.340253214477194750e+15 1.222819108301451446e-10
1.454350107453961750e+15 1.204085628496402831e-10
1.578160165708987250e+15 1.185480481289836732e-10
1.712510279241327250e+15 1.167007124938731920e-10
1.858297731897002750e+15 1.148663376954898516e-10
2.016496194056935500e+15 1.130452678774776929e-10
2.188162225487511000e+15 1.112372916011733515e-10
2.374442331784171000e+15 1.094427571112967321e-10
2.576580621536203000e+15 1.076615473269055788e-10
2.795927115352353000e+15 1.058938989569026792e-10
3.033946762240971500e+15 1.041398742851873765e-10
3.292229223562019500e+15 1.023996152359700918e-10
3.572499489895406000e+15 1.006733659924399740e-10
3.876629401732365000e+15 9.896106244711074637e-11
4.206650150932792500e+15 9.726315056720999017e-11
4.564765846442543000e+15 9.557958371639854208e-11
4.953368234871556000e+15 9.391046630825825104e-11
5.375052674247525000e+15 9.225569892247849920e-11
5.832635467628350000e+15 9.061420101920021863e-11
6.329172672340080000e+15 8.898381740208215507e-11
6.867980510461293000e+15 8.735868080568447278e-11
7.452657516868843000e+15 8.572572566814082410e-11
8.087108572766049000e+15 8.406339731173930676e-11
8.775570985205192000e+15 8.236279509674392145e-11
9.522642786782292000e+15 8.069974119134060392e-11
1.033331344450819200e+16 7.922615397943036755e-11
1.121299718295260400e+16 7.798391608588577253e-11
1.216756914421520200e+16 7.689164129005782506e-11
1.320340462622631800e+16 7.586750853891087172e-11
1.432742166143644000e+16 7.486542623625904718e-11
1.554712722026654600e+16 7.386025663525565608e-11
1.687066734789749000e+16 7.282395668877517195e-11
1.830688156924562400e+16 7.170294080871968553e-11
1.986536192548140000e+16 7.035473069585852826e-11
2.155651703637609600e+16 6.844710813965003798e-11
2.339164161633143200e+16 6.507455472172739514e-11
2.538299190836602000e+16 5.817903697545949593e-11
2.754386753986255600e+16 4.352838014175819941e-11
2.988870034676452000e+16 1.736863158844753315e-11
3.243315075944993200e+16 1.043679181389306004e-12
3.519421239401858800e+16 1.026886998435435261e-10
3.819032554752287200e+16 4.978673916493182291e-10
4.144150035514557600e+16 1.208229000029659146e-09
4.496945043184964000e+16 2.118178746069494811e-09
4.879773789105762400e+16 3.216260258633197089e-09
5.295193070889477600e+16 4.555714767113529397e-09
5.745977348497994400e+16 6.270357852291656721e-09
6.235137274023140000e+16 8.541940025237320580e-09
6.765939798922959200e+16 1.153695439436273570e-08
7.341929993004374400e+16 1.566124651740893374e-08
7.966954720873803200e+16 2.113227090128086492e-08
8.645188333984571200e+16 2.856485012456677273e-08
9.381160549870209600e+16 3.851775603717113713e-08
1.017978670475985440e+17 5.206376718294888344e-08
1.104640058162518240e+17 7.023985114525922972e-08
1.198679003290636640e+17 9.474699095243685183e-08
1.300723563583147360e+17 1.277649961448446109e-07
1.411455263849500480e+17 1.721885163223879118e-07
1.531613647684254720e+17 2.318730711957995213e-07
1.662001216655505600e+17 3.122678755973770772e-07
1.803488789970500160e+17 4.203483180181421903e-07
1.957021320414256960e+17 5.654977258158488279e-07
2.123624205403892480e+17 7.604219845961902541e-07
2.304410135308455360e+17 1.021864038698622296e-06
2.500586524771865600e+17 1.372734113661262292e-06
2.713463576670826560e+17 1.842763883688194704e-06
2.944463032564341760e+17 2.473114991566464660e-06
3.195127668076213120e+17 3.308779680224644113e-06
3.467131596627731840e+17 4.416609562855541340e-06
3.762291450335727360e+17 5.890791967545904871e-06
4.082578512750129280e+17 7.849435134884740677e-06
4.430131884461461120e+17 1.044956620340749250e-05
4.807272769507933440e+17 1.389605470741578979e-05
5.216519977996538880e+17 1.846031266376517820e-05
5.660606748475062400e+17 2.449381187905080886e-05
6.142499002407285760e+17 3.246134240696268032e-05
6.665415152666900480e+17 4.296359467089383503e-05
7.232847598345616640e+17 5.678441074799313743e-05
7.848586049431978240e+17 7.493902280820459319e-05
8.516742837140412160e+17 9.874136394464222725e-05
9.241780378929712640e+17 1.298814097637087349e-04
1.002854098164227584e+18 1.705290339393683715e-04
1.088227918180909824e+18 2.234530013994784098e-04
1.180869683911303936e+18 2.921792055408909436e-04
1.281398121738848000e+18 3.811550051797975010e-04
1.390484630748787712e+18 4.959766383231091827e-04
1.508857766800000000e+18 6.436248743220338020e-04
1.637308108329588992e+18 8.327347528949630758e-04
1.776693536387633408e+18 1.073894899096871974e-03
1.927944964165635840e+18 1.379944867844552650e-03
2.092072554284706816e+18 1.766249962403837947e-03
2.270172465366781696e+18 2.250904485543821481e-03
2.463434172947013120e+18 2.854848325126550790e-03
2.673148413621813248e+18 3.601687434117088315e-03
2.900715805488852480e+18 4.517228044547212142e-03
3.147656202452555264e+18 5.628529500852208836e-03
3.415618844869330432e+18 6.962204307524263482e-03
3.706393374326035968e+18 8.541923796151538670e-03
4.021921786115919360e+18 1.038474108145690661e-02
4.364311399238688768e+18 1.249628123501195752e-02
4.735848930547995648e+18 1.486462992174202025e-02
5.139015767042838528e+18 1.745329737622187960e-02
5.576504538302323712e+18 2.019381736157689969e-02
6.051237099745444864e+18 2.297915193763598249e-02
6.566384046821371904e+18 2.565983775849595139e-02
7.125385890459386880e+18 2.804521990367134579e-02
7.731976035202324480e+18 2.991283546268728652e-02
8.390205713488550912e+18 3.102824952776054093e-02
9.104471042610169856e+18 3.117681583996913253e-02
9.879542385053452288e+18 3.020587136002582732e-02
1.072059620830921933e+19 2.807018861573241930e-02
1.163324965693653811e+19 2.487029152425530507e-02
1.262359806777564774e+19 2.086730290010248984e-02
1.369825567886188954e+19 1.645977106336920376e-02
1.486439980392497357e+19 1.211599953302468051e-02
1.612981876750022042e+19 8.272303199091732631e-03
1.750296392079724544e+19 5.227952509554778700e-03
1.899300608572233728e+19 3.079549353309885690e-03
2.060989680402950144e+19 1.727878316699329271e-03
2.236443480066385101e+19 9.559877477166809365e-04
2.426833810518425190e+19 5.355614156804910497e-04
2.633432231294555341e+19 3.021158532315744677e-04
2.857618550872052122e+19 1.678157124654437976e-04
3.100890041994314138e+19 9.163080014665360765e-05
3.364871441503329894e+19 4.993778460492694744e-05
3.651325801466573619e+19 2.714179645821780475e-05
3.962166264069566464e+19 1.471602757308391150e-05
4.299468838914756608e+19 8.060591120025587526e-06
4.665486268062991974e+19 4.384369823104545271e-06
5.062663071417534874e+19 2.386159286728723651e-06
5.493651872934626918e+19 1.311863197262005607e-06
5.961331116697785139e+19 7.110160542997790978e-07
6.468824291176897741e+19 3.913397222341512532e-07
7.019520790064853811e+19 2.133585894690440607e-07
7.617098549014408397e+19 1.148296591488867899e-07
8.265548609460184678e+19 6.184234231805546059e-08
8.969201773579337728e+19 3.343277469546040466e-08
