1.000000000000000000e+15 7.354758249864587834e-20
1.023316578330244875e+15 9.049633689304347576e-20
1.047176819485520250e+15 1.112917261961486130e-19
1.071593399822671125e+15 1.367930513900344046e-19
1.096579291267809875e+15 1.680484365237371417e-19
1.122147768207980250e+15 2.063356144053346011e-19
1.148312414543511000e+15 2.532113653698683258e-19
1.175087130904807500e+15 3.105714107875065045e-19
1.202486142037412250e+15 3.807229307718144835e-19
1.230524004359261500e+15 4.664723168805596471e-19
1.259215613694151000e+15 5.712312998539071047e-19
1.288576213185518000e+15 6.991452267383239081e-19
1.318621401394748500e+15 8.552480214908996501e-19
1.349367140588306500e+15 1.045649272603762572e-18
1.380829765218092250e+15 1.277759979269706397e-18
1.413025990599533750e+15 1.560564788385645464e-18
1.445972921792019500e+15 1.904950108935498782e-18
1.479688062686396250e+15 2.324099346271508473e-18
1.514189325304352000e+15 2.833968713748867714e-18
1.549495039314631750e+15 3.453859720878392504e-18
1.585623961771137250e+15 4.207107585957096798e-18
1.622595287078087250e+15 5.121908572059417059e-18
1.660428657187529500e+15 6.232313710738201101e-18
1.699144172034626000e+15 7.579421690661153618e-18
1.738762400216250500e+15 9.212810005633949574e-18
1.779304389918577250e+15 1.119225096330986300e-17
1.820791680099462500e+15 1.358976807088638162e-17
1.863246311931559750e+15 1.649209889490465067e-17
1.906690840512252000e+15 2.000364304244408728e-17
1.951148346846616500e+15 2.424998878790602230e-17
1.996642450109793500e+15 2.938212949374825621e-17
2.043197320195270500e+15 3.558150183937816403e-17
2.090837690555750000e+15 4.306600256095532047e-17
2.139588871343421500e+15 5.209716959839767666e-17
2.189476762856620750e+15 6.298874804506449528e-17
2.240527869300018250e+15 7.611690203942677304e-17
2.292769312865649000e+15 9.193238182706744273e-17
2.346228848142262500e+15 1.109750119444200595e-16
2.400934876860652000e+15 1.338909333414258106e-16
2.456916462982790000e+15 1.614531110333518730e-16
2.514203348142796500e+15 1.945857116148859163e-16
2.572825967447932000e+15 2.343930640916499773e-16
2.632815465648020000e+15 2.821940457981442377e-16
2.694203713681882500e+15 3.395628859574135734e-16
2.757023325609582500e+15 4.083775565218023087e-16
2.821307675939470500e+15 4.908771277715432051e-16
2.887090917359234500e+15 5.897297099264312984e-16
2.954407998880380000e+15 7.081128877814008406e-16
3.023294684405776500e+15 8.498088901258237093e-16
3.093787571730136500e+15 1.019317127602763421e-15
3.165924111983520500e+15 1.221987191173841274e-15
3.239742629528195500e+15 1.464175939461903581e-15
3.315282342319423000e+15 1.753432929682450986e-15
3.392583382740992000e+15 2.098719178403106564e-15
3.471686818926559500e+15 2.510665092074942345e-15
3.552634676578139500e+15 3.001874402932776194e-15
3.635469961293318000e+15 3.587282106325828073e-15
3.720236681413066000e+15 4.284575747235370568e-15
3.806979871402284000e+15 5.114690977168891917e-15
3.895745615775501000e+15 6.102394132993198788e-15
3.986581073580438500e+15 7.276966717178654940e-15
4.079534503452449000e+15 8.673009131148651148e-15
4.174655289253134500e+15 1.033138388383350936e-14
4.271993966306776500e+15 1.230032182809818172e-14
4.371602248248502000e+15 1.463671883973416525e-14
4.473533054498463000e+15 1.740765482908159185e-14
4.577840538376616000e+15 2.069217215813716329e-14
4.684580115873045000e+15 2.458335653414088019e-14
4.793808495089107000e+15 2.919077038786880229e-14
4.905583706365046000e+15 3.464329676302216803e-14
5.019965133110079000e+15 4.109246100456656134e-14
5.137013543351339000e+15 4.871630822444243400e-14
5.256791122018419000e+15 5.772392685520719252e-14
5.379361503980698000e+15 6.836072281861448663e-14
5.504789807854968000e+15 8.091456521403199684e-14
5.633142670601352000e+15 9.572294328720110884e-14
5.764488282925873000e+15 1.131812961336368464e-13
5.898896425508493000e+15 1.337527015337041334e-13
6.036438506075864000e+15 1.579791389757043807e-13
6.177187597338488000e+15 1.864945748310468317e-13
6.321218475812448000e+15 2.200401554065427043e-13
6.468607661546321000e+15 2.594818368998609993e-13
6.619433458774388000e+15 3.058308309048958416e-13
6.773775997517745000e+15 3.602673009386078037e-13
6.931717276155400000e+15 4.241678104920183546e-13
7.093341204987990000e+15 4.991370974806572339e-13
7.258733650817246000e+15 5.870448349683549242e-13
7.427982482564911000e+15 6.900681351156578844e-13
7.601177617955323000e+15 8.107406641015095291e-13
7.778411071286482000e+15 9.520093621378200342e-13
7.959777002314978000e+15 1.117299906731652611e-12
8.145371766280737000e+15 1.310592221406743822e-12
8.335293965098187000e+15 1.536507518830134803e-12
8.529644499741017000e+15 1.800408579689475497e-12
8.728526623848371000e+15 2.108515210094648090e-12
8.932045998580959000e+15 2.468037094510624271e-12
9.140310748756222000e+15 2.887326572510856440e-12
9.353431520292376000e+15 3.376054220731134473e-12
9.571521538991856000e+15 3.945410521640931157e-12
9.794696670695386000e+15 4.608337354110919438e-12
1.002307548283864400e+16 5.379793553936009365e-12
1.025677930744420800e+16 6.277059372955269662e-12
1.049593230558226600e+16 7.320085321562394379e-12
1.074066153333432400e+16 8.531891620560504727e-12
1.099109700929496200e+16 9.939025324906970087e-12
1.124737178364750800e+16 1.157208312553108215e-11
1.150962200885031200e+16 1.346630889903535066e-11
1.177798701197118000e+16 1.566227627310322361e-11
1.205260936870841400e+16 1.820666782385166890e-11
1.233363497913774800e+16 2.115316403796686007e-11
1.262121314522546000e+16 2.456345687700472052e-11
1.291549665014882800e+16 2.850840469560999120e-11
1.321664183946603800e+16 3.306934741389556796e-11
1.352480870417874000e+16 3.833960325367101684e-11
1.384016096573130200e+16 4.442617104836370115e-11
1.416286616299197400e+16 5.145166516016032474e-11
1.449309574126215200e+16 5.955651342138110279e-11
1.483102514336102800e+16 6.890145230040220761e-11
1.517683390283403800e+16 7.967035771963491958e-11
1.553070573933458400e+16 9.207345467272510781e-11
1.589282865622976400e+16 1.063509540536432779e-10
1.626339504048190600e+16 1.227771709803997390e-10
1.664260176485901800e+16 1.416651854351927674e-10
1.703065029252842600e+16 1.633721133215946119e-10
1.742774678408917400e+16 1.883050641352996718e-10
1.783410220710006200e+16 2.169278704429448967e-10
1.824993244816150400e+16 2.497686843561932229e-10
1.867545842761074000e+16 2.874285472770937997e-10
1.911090621689136000e+16 3.305910514862404017e-10
1.955650715865947200e+16 3.800332257681405178e-10
2.001249798969034800e+16 4.366377923497491487e-10
2.047912096665083200e+16 5.014069591113450109e-10
2.095662399480430800e+16 5.754779294690569018e-10
2.144526075971665200e+16 6.601403326942331125e-10
2.194529086203311600e+16 7.568557999090997943e-10
2.245697995539771600e+16 8.672799357792821479e-10
2.298059988758848800e+16 9.932869632256394911e-10
2.351642884494346400e+16 1.136997348532763868e-09
2.406475150015421600e+16 1.300808747288856599e-09
2.462585916350544000e+16 1.487430647921824621e-09
2.520004993764089600e+16 1.699923129488940256e-09
2.578762887593798400e+16 1.941740194145219780e-09
2.638890814457507600e+16 2.216778182693873755e-09
2.700420718837770000e+16 2.529429834170264031e-09
2.763385290053167200e+16 2.884644607914825885e-09
2.827817979625338400e+16 3.287995949461945657e-09
2.893753019050947200e+16 3.745756250252138032e-09
2.961225437988031600e+16 4.264980326132474355e-09
3.030271082866393200e+16 4.853598321347575479e-09
3.100926635931923600e+16 5.520519033770553413e-09
3.173229634734973200e+16 6.275744754047531167e-09
3.247218492073125600e+16 7.130498816727533550e-09
3.322932516398968400e+16 8.097367175958282594e-09
3.400411932703702800e+16 9.190455442616511738e-09
3.479697903887688000e+16 1.042556295451412048e-08
3.560832552629274400e+16 1.182037559732667956e-08
3.643858983763540800e+16 1.339467925190536719e-08
3.728821307182829600e+16 1.517059591448129801e-08
3.815764661271244800e+16 1.717284472080554069e-08
3.904735236885556000e+16 1.942903030438928126e-08
3.995780301895265600e+16 2.196996113364390054e-08
4.088948226294856000e+16 2.483000070384494382e-08
4.184288507901576000e+16 2.804745470845307512e-08
4.281851798652406400e+16 3.166499758146926025e-08
4.381689931514185600e+16 3.573014208923467144e-08
4.483855948021181600e+16 4.029575595752479894e-08
4.588404126454752000e+16 4.542062984903501987e-08
4.695390010680053600e+16 5.117010135858471795e-08
4.804870439655124000e+16 5.761674006971617388e-08
4.916903577628020800e+16 6.484109911804213420e-08
5.031548945038046400e+16 7.293253913485502096e-08
5.148867450137487200e+16 8.199013090037469165e-08
5.268921421350666400e+16 9.212364352073427014e-08
5.391774640387494400e+16 1.034546254575763552e-07
5.517492376129117600e+16 1.161175862850726987e-07
5.646141419303660800e+16 1.302612876274405951e-07
5.777790117970495200e+16 1.460501523416425168e-07
5.912508413831868800e+16 1.636658016559653934e-07
6.050367879391212000e+16 1.833087306564859677e-07
6.191441755977835200e+16 2.052001332309736727e-07
6.335804992658241600e+16 2.295838883342256389e-07
6.483534286054713600e+16 2.567287202309368748e-07
6.634708121092336800e+16 2.869305462023585115e-07
6.789406812696098400e+16 3.205150260716933154e-07
6.947712548460225600e+16 3.578403288105248268e-07
7.109709432312424000e+16 3.993001324345343981e-07
7.275483529196217600e+16 4.453268743812536266e-07
7.445122910795128000e+16 4.963952705849793953e-07
7.618717702322984000e+16 5.530261225236809098e-07
7.796360130405220800e+16 6.157904326085560247e-07
7.978144572076612800e+16 6.853138494177063302e-07
8.164167604921456000e+16 7.622814654392470279e-07
8.354528058382854400e+16 8.474429911842764851e-07
8.549327066268366400e+16 9.416183307536257677e-07
8.748668120479896000e+16 1.045703585191655585e-06
8.952657125996382400e+16 1.160677511231876975e-06
9.161402457138502400e+16 1.287608464329034779e-06
9.375015015145270400e+16 1.427661856176027022e-06
9.593608287093128000e+16 1.582108158216641606e-06
9.817298406188820800e+16 1.752331483980874636e-06
1.004620421346811040e+17 1.939838784382488442e-06
1.028044732093307680e+17 2.146269691420982527e-06
1.052015217616156960e+17 2.373407047015491230e-06
1.076544612842313760e+17 2.623188154957275291e-06
1.101645949633654720e+17 2.897716795191194240e-06
1.127332563710484800e+17 3.199276040815920924e-06
1.153618101736476160e+17 3.530341919315636682e-06
1.180516528568803200e+17 3.893597960592053679e-06
1.208042134677326400e+17 4.291950675342101845e-06
1.236209543736766560e+17 4.728546008210093550e-06
1.265033720395901280e+17 5.206786810919796540e-06
1.294529978227913440e+17 5.730351381247325935e-06
1.324713987866114720e+17 6.303213114212176658e-06
1.355601785329366080e+17 6.929661312227699571e-06
1.387209780541618080e+17 7.614323201143328857e-06
1.419554766050098720e+17 8.362187199112718064e-06
1.452653925946778240e+17 9.178627485014063451e-06
1.486524844997854080e+17 1.006942991271329976e-05
1.521185517986101760e+17 1.104081931677491106e-05
1.556654359271058880e+17 1.209948825427021611e-05
1.592950212572119680e+17 1.325262722608380824e-05
1.630092360979737920e+17 1.450795641955891579e-05
1.668100537200055680e+17 1.587375901242179057e-05
1.706994934038404480e+17 1.735891607566874767e-05
1.746796215127242240e+17 1.897294311045714872e-05
1.787525525904231680e+17 2.072602825099617856e-05
1.829204504846289920e+17 2.262907216195617571e-05
1.871855294965575360e+17 2.469372965498921568e-05
1.915500555573523840e+17 2.693245304455150186e-05
1.960163474319181760e+17 2.935853725831986298e-05
2.005867779508229760e+17 3.198616671207979813e-05
2.052637752709248000e+17 3.483046395300992519e-05
2.100498241653911040e+17 3.790754006877624819e-05
2.149474673437976000e+17 4.123454685276747432e-05
2.199593068030070400e+17 4.482973070812392558e-05
2.250880052095457280e+17 4.871248826493408983e-05
2.303362873142126720e+17 5.290342367607347735e-05
2.357069413996722880e+17 5.742440754763241241e-05
2.412028207618001920e+17 6.229863744972025238e-05
2.468268452255687360e+17 6.755069994262957441e-05
2.525820026962779520e+17 7.320663404190261596e-05
2.584713507469558400e+17 7.929399603376196669e-05
2.644980182427714560e+17 8.584192553964808958e-05
2.706652070033235840e+17 9.288121271527338143e-05
2.769761935036885120e+17 1.004443664556486248e-04
2.834343306151303360e+17 1.085656834630020697e-04
2.900430493863985920e+17 1.172813180194032283e-04
2.968058608665596160e+17 1.266293522902527254e-04
3.037263579703305600e+17 1.366498669686562072e-04
3.108082173869057280e+17 1.473850120540685579e-04
3.180552015332913280e+17 1.588790775415693107e-04
3.254711605531841280e+17 1.711785637807022376e-04
3.330600343624581760e+17 1.843322512451050122e-04
3.408258547423445120e+17 1.983912694361638555e-04
3.487727474814170240e+17 2.134091646257866518e-04
3.569049345675222400e+17 2.294419661251129226e-04
3.652267364308167680e+17 2.465482507477145010e-04
3.737425742391056640e+17 2.647892051176041917e-04
3.824569722466991360e+17 2.842286854543372011e-04
3.913745601980375680e+17 3.049332744496800122e-04
4.005000757873603200e+17 3.269723348329242715e-04
4.098383671757253120e+17 3.504180592049646798e-04
4.193943955667177600e+17 3.753455157049650245e-04
4.291732378422148480e+17 4.018326890577999925e-04
4.391800892596076800e+17 4.299605165357649628e-04
4.494202662119132800e+17 4.598129183542633302e-04
4.598992090522428800e+17 4.914768220086099650e-04
4.706224849841271680e+17 5.250421800477217188e-04
4.815957910192341120e+17 5.606019807705965542e-04
4.928249570040503040e+17 5.982522513231029173e-04
5.043159487171348480e+17 6.380920526660256633e-04
5.160748710385896960e+17 6.802234658805211007e-04
5.281079711934320000e+17 7.247515692744609453e-04
5.404216420705904000e+17 7.717844057525371148e-04
5.530224256192888960e+17 8.214329399148156616e-04
5.659170163246231040e+17 8.738110043526058947e-04
5.791122647641745920e+17 9.290352346173952119e-04
5.926151812475540480e+17 9.872249923481455844e-04
6.064329395408048640e+17 1.048502276054684738e-03
6.205728806776487680e+17 1.112991619070416048e-03
6.350425168595948800e+17 1.180819974206050301e-03
6.498495354469875200e+17 1.252116584657890410e-03
6.650018030431105280e+17 1.327012840749202706e-03
6.805073696735192320e+17 1.405642122111713452e-03
6.963744730628207360e+17 1.488139624946129436e-03
7.126115430111731200e+17 1.574642174036010008e-03
7.292272058728298240e+17 1.665288019228252899e-03
7.462302891391092480e+17 1.760216616135989879e-03
7.636298261282225920e+17 1.859568390865724364e-03
7.814350607844526080e+17 1.963484488620177021e-03
7.996554525892330240e+17 2.072106506081404422e-03
8.183006815867372800e+17 2.185576207535352890e-03
8.373806535266472960e+17 2.304035224758886700e-03
8.569055051268330240e+17 2.427624740753501261e-03
8.768856094587408640e+17 2.556485157476317844e-03
8.973315814583500800e+17 2.690755747788080993e-03
9.182542835656263680e+17 2.830574291910135584e-03
9.396648314954671360e+17 2.976076698756814805e-03
9.615746001432075520e+17 3.127396612586923631e-03
9.839952296278206720e+17 3.284665005496894153e-03
1.006938631476025088e+18 3.448009756359404071e-03
1.030416994950585344e+18 3.617555216893528908e-03
1.054442793526166272e+18 3.793421765636399712e-03
1.079028791516181376e+18 3.975725350670726230e-03
1.104188050854157952e+18 4.164577022047776834e-03
1.129933938033219328e+18 4.360082454930360243e-03
1.156280131207373056e+18 4.562341464565360279e-03
1.183240627458375680e+18 4.771447514279309084e-03
1.210829750232036864e+18 4.987487217773447362e-03
1.239062156947913216e+18 5.210539837075920874e-03
1.267952846786431232e+18 5.440676777587826786e-03
1.297517168657584128e+18 5.677961081736362069e-03
1.327770829355426304e+18 5.922446922821598264e-03
1.358729901902706432e+18 6.174179100713278120e-03
1.390410834090066944e+18 6.433192541119550981e-03
1.422830457214349056e+18 6.699511800210738825e-03
1.456005995020645632e+18 6.973150576437043072e-03
1.489955072852850688e+18 7.254111231429464721e-03
1.524695727017569792e+18 7.542384321917578599e-03
1.560246414366364672e+18 7.837948144635314973e-03
1.596626022101421824e+18 8.140768296216757335e-03
1.633853877809857024e+18 8.450797250107179234e-03
1.671949759731984896e+18 8.767973952529987264e-03
1.710933907269009920e+18 9.092223439557369641e-03
1.750827031735719680e+18 9.423456477331188658e-03
1.791650327363895808e+18 9.761569227470175830e-03
1.833425482562285056e+18 1.010644293968014987e-02
1.876174691439115776e+18 1.045794367355492617e-02
1.919920665593278976e+18 1.081592205151714510e-02
1.964686646180440576e+18 1.118021304479960808e-02
2.010496416260492800e+18 1.155063579430966846e-02
2.057374313432907264e+18 1.192699346815071990e-02
2.105345242766699520e+18 1.230907315749660627e-02
2.154434690031877888e+18 1.269664581242648145e-02
2.204668735239403008e+18 1.308946621922957125e-02
2.256074066496854528e+18 1.348727302058132411e-02
2.308677994187162624e+18 1.388978877987532591e-02
2.362508465477940224e+18 1.429672009086847134e-02
2.417594079169123328e+18 1.470775773366177208e-02
2.473964100886806528e+18 1.512257687789479721e-02
2.531648478631347712e+18 1.554083733388004866e-02
2.590677858688001024e+18 1.596218385224354094e-02
2.651083601908530688e+18 1.638624647247143712e-02
2.712897800372459008e+18 1.681264092058944171e-02
2.776153294436792320e+18 1.724096905602249749e-02
2.840883690183295488e+18 1.767081936749893833e-02
2.907123377272569344e+18 1.810176751767435255e-02
2.974907547214431232e+18 1.853337693595939750e-02
3.044272212064293376e+18 1.896519945884078684e-02
3.115254223555478528e+18 1.939677601678885602e-02
3.187891292677636096e+18 1.982763736664800575e-02
3.262222009711660032e+18 2.025730486820915416e-02
3.338285864731750912e+18 2.068529130346744710e-02
3.416123268585518080e+18 2.111110173687440195e-02
3.495775574363264512e+18 2.153423441470244878e-02
3.577285099367862272e+18 2.195418170145286077e-02
3.660695147596891136e+18 2.237043105105567670e-02
3.746050032748981760e+18 2.278246601043392230e-02
3.833395101766589440e+18 2.318976725283506887e-02
3.922776758927707648e+18 2.359181363817098448e-02
4.014242490499309568e+18 2.398808329745474172e-02
4.107840889965634048e+18 2.437805473827962116e-02
4.203621683844700672e+18 2.476120796815280481e-02
4.301635758106781696e+18 2.513702563237512483e-02
4.401935185208861184e+18 2.550499416304883443e-02
4.504573251759444480e+18 2.586460493569945826e-02
4.609604486828419584e+18 2.621535542991445047e-02
4.717084690917003264e+18 2.655675039033324539e-02
4.827070965603168256e+18 2.688830298426906143e-02
4.939621743878305792e+18 2.720953595220398577e-02
5.054796821191225344e+18 2.751998274737567016e-02
5.172657387216003072e+18 2.781918866066658905e-02
5.293266058360545280e+18 2.810671192701529736e-02
5.416686911033135104e+18 2.838212480959431683e-02
5.542985515684652032e+18 2.864501465804032004e-02
5.672228971644525568e+18 2.889498493707997120e-02
5.804485942768960512e+18 2.913165622196852572e-02
5.939826693920337920e+18 2.935466715724803499e-02
6.078323128297210880e+18 2.956367537543761262e-02
6.220048825634692096e+18 2.975835837238897941e-02
6.365079081295551488e+18 2.993841433617640616e-02
6.513490946272782336e+18 3.010356292654037952e-02
6.665363268124893184e+18 3.025354600206816083e-02
6.820776732865664000e+18 3.038812829247160632e-02
6.979813907830638592e+18 3.050709801351189285e-02
7.142559285543104512e+18 3.061026742232163950e-02
7.309099328602888192e+18 3.069747331108634361e-02
7.479522515621797888e+18 3.076857743726812283e-02
7.653919388230124544e+18 3.082346688878427957e-02
7.832382599179171840e+18 3.086205438279053873e-02
8.015006961565380608e+18 3.088427849696214617e-02
8.201889499202178048e+18 3.089010383241512503e-02
8.393129498166338560e+18 3.087952110766270866e-02
8.588828559546223616e+18 3.085254718325790291e-02
8.789090653419927552e+18 3.080922501703062255e-02
8.994022174092016640e+18 3.074962355008569598e-02
9.203731996618192896e+18 3.067383752398529159e-02
9.418331534647922688e+18 3.058198722979427187e-02
9.637934799615756288e+18 3.047421818991900497e-02
9.862658461312790528e+18 3.035070077391753204e-02
1.009262190987044250e+19 3.021162974970078782e-02
1.032794731918956749e+19 3.005722377177966198e-02
1.056875971184800768e+19 2.988772480844043705e-02
1.081518702552293581e+19 2.970339750994758707e-02
1.106736018095969894e+19 2.950452852008551147e-02
1.132541315152817357e+19 2.929142573354192799e-02
1.158948303439807078e+19 2.906441750182960429e-02
1.185971012337675469e+19 2.882385179060740002e-02
1.213623798344236851e+19 2.857009529143136536e-02
1.241921352701789798e+19 2.830353249110235600e-02
1.270878709202054349e+19 2.802456470191907675e-02
1.300511252173415219e+19 2.773360905625055564e-02
1.330834724654070579e+19 2.743109746895485909e-02
1.361865236756088422e+19 2.711747557124372446e-02
1.393619274224137830e+19 2.679320161967473080e-02
1.426113707194135552e+19 2.645874538399198631e-02
1.459365799155751731e+19 2.611458701758697515e-02
1.493393216124259533e+19 2.576121591435669156e-02
1.528214036025864602e+19 2.539912955575534398e-02
1.563846758302254285e+19 2.502883235180836802e-02
1.600310313738695270e+19 2.465083447984552090e-02
1.637624074521695642e+19 2.426565072465026313e-02
1.675807864530761933e+19 2.387379932368113855e-02
1.714881969870547968e+19 2.347580082093091505e-02
1.754867149648144794e+19 2.307217693291980024e-02
1.795784647002104218e+19 2.266344943020150507e-02
1.837656200388164813e+19 2.225013903766583437e-02
1.880504055128591155e+19 2.183276435677875341e-02
1.924350975230324326e+19 2.141184081278351206e-02
1.969220255479181722e+19 2.098787962972163690e-02
2.015135733815550362e+19 2.056138683599603029e-02
2.062121803999152947e+19 2.013286230301528437e-02
2.110203428568587878e+19 1.970279881930612001e-02
2.159406152103576371e+19 1.927168120228333822e-02
2.209756114795893965e+19 1.883998544970221303e-02
2.261280066337288602e+19 1.840817793261059765e-02
2.314005380130644787e+19 1.797671463144525500e-02
2.367960067833088410e+19 1.754604041670279613e-02
2.423172794237590733e+19 1.711658837543870992e-02
2.479672892502170419e+19 1.668877918463123125e-02
2.537490379733561344e+19 1.626302053226957867e-02
2.596655972934882918e+19 1.583970658681064722e-02
2.657201105324495667e+19 1.541921751547410506e-02
2.719157943036030157e+19 1.500191905163566000e-02
2.782559402207114445e+19 1.458816211141041215e-02
2.847439166467259597e+19 1.417828245931659209e-02
2.913831704832776602e+19 1.377260042275169939e-02
2.981772290019685581e+19 1.337142065482283329e-02
3.051297017182858445e+19 1.297503194492705125e-02
3.122442823092870758e+19 1.258370707630154968e-02
3.195247505759200461e+19 1.219770272963191862e-02
3.269749744511781274e+19 1.181725943164714694e-02
3.345989120549961318e+19 1.144260154751499010e-02
3.424006137971439616e+19 1.107393731570962409e-02
3.503842245290661478e+19 1.071145892392643892e-02
3.585539857459831603e+19 1.035534262449663324e-02
3.669142378402478899e+19 1.000574888767571773e-02
3.754694224073351987e+19 9.662822591078272863e-03
3.842240846055045530e+19 9.326693243472031214e-03
3.931828755705786368e+19 8.997475241062985116e-03
4.023505548869276467e+19 8.675268154363572140e-03
4.117319931161695846e+19 8.360157043674919589e-03
4.213321743847271629e+19 8.052212801193623162e-03
4.311561990318246298e+19 7.751492517712327453e-03
4.412092863191171891e+19 7.458039871881333265e-03
4.514967772036120576e+19 7.171885539976390229e-03
4.620241371751293747e+19 6.893047624132906184e-03
4.727969591600409805e+19 6.621532097002889514e-03
4.838209664925937664e+19 6.357333260821856902e-03
4.951020159556371251e+19 6.100434218885551242e-03
5.066461008921247744e+19 5.850807357481649720e-03
5.184593543892933837e+19 5.608414836349065458e-03
5.305480525369552077e+19 5.373209085795362452e-03
5.429186177618965299e+19 5.145133308643380469e-03
5.555776222398854758e+19 4.924121985246693312e-03
5.685317913873776640e+19 4.710101379865155348e-03
5.817880074344911667e+19 4.502990046769277804e-03
5.953533130814394368e+19 4.302699334502675665e-03
6.092349152400686285e+19 4.109133886816174371e-03
6.234401888627889766e+19 3.922192138854785001e-03
6.379766808606256333e+19 3.741766807267843387e-03
6.528521141127874150e+19 3.567745372985322953e-03
6.680743915695587328e+19 3.400010555495366470e-03
6.836516004510266163e+19 3.238440777533936089e-03
6.995920165435346125e+19 3.082910619190655684e-03
7.159041085964917965e+19 2.933291260512140269e-03
7.325965428215200154e+19 2.789450911776696854e-03
7.496781874966908109e+19 2.651255230691310603e-03
7.671581176779271373e+19 2.518567725852228784e-03
7.850456200204541952e+19 2.391250145885842181e-03
8.033501977124701798e+19 2.269162853773461132e-03
8.220815755240574157e+19 2.152165185935957757e-03
8.412497049736083866e+19 2.040115795736545130e-03
8.608647696149279539e+19 1.932872981128209251e-03
8.809371904473954714e+19 1.830294996249029558e-03
9.014776314524953805e+19 1.732240346831840716e-03
9.224970052592137011e+19 1.638568069365102390e-03
9.440064789417641574e+19 1.549137993999290122e-03
9.660174799522606285e+19 1.463810991256664275e-03
9.885417021919613747e+19 1.382449202653462375e-03
1.011591112223825592e+20 1.304916255399831207e-03
1.035177955630180434e+20 1.231077461387458747e-03
1.059314763518365696e+20 1.160800000723651850e-03
1.084014359178335355e+20 1.093953090108480079e-03
1.109289864895218156e+20 1.030408136393002596e-03
1.135154708921003704e+20 9.700388756876404542e-04
1.161622632608497172e+20 9.127214984238360765e-04
1.188707697711908127e+20 8.583347607965734032e-04
1.216424293857363067e+20 8.067600830423037267e-04
1.244787146187911168e+20 7.578816350249371111e-04
1.273811323186473206e+20 7.115864096227114558e-04
1.303512244681514189e+20 6.677642844209745639e-04
1.333905690039053189e+20 6.263080722297025872e-04
1.365007806546019451e+20 5.871135609512805444e-04
1.396835117988734075e+20 5.500795433321025926e-04
1.429404533431766876e+20 5.151078371331614019e-04
1.462733356201123840e+20 4.821032962576944311e-04
1.496839293077261517e+20 4.509738133710031660e-04
1.531740463702073672e+20 4.216303145459055304e-04
1.567455410205601300e+20 3.939867464604057809e-04
1.604003107056813343e+20 3.679600566684934865e-04
1.641402971144473149e+20 3.434701674548157639e-04
1.679674872092646441e+20 3.204399437749127664e-04
1.718839142817152696e+20 2.987951557697669054e-04
1.758916590327725425e+20 2.784644363316276443e-04
1.799928506782483743e+20 2.593792341829342864e-04
1.841896680799703204e+20 2.414737629161831599e-04
1.884843409033803203e+20 2.246849464258042961e-04
1.928791508020769915e+20 2.089523611474954957e-04
1.973764326300263383e+20 1.942181755025354267e-04
2.019785756819870188e+20 1.804270869278449803e-04
2.066880249629090447e+20 1.675262568539543739e-04
2.115072824868786012e+20 1.554652439756120958e-04
2.164389086064029204e+20 1.441959361408793716e-04
2.214855233726350295e+20 1.336724811668772467e-04
2.266498079273702195e+20 1.238512168715439883e-04
2.319345059274418094e+20 1.146906005931854291e-04
2.373424250023876035e+20 1.061511384511906644e-04
2.428764382460440412e+20 9.819531458411363226e-05
2.485394857429808579e+20 9.078752058357372257e-05
2.543345761304637932e+20 8.389398532591666087e-05
2.602647881969015194e+20 7.748270538670397757e-05
2.663332725174969958e+20 7.152337620744689468e-05
2.725432531281038868e+20 6.598732416817798161e-05
2.788980292380428206e+20 6.084743970481119201e-05
2.854009769829249188e+20 5.607811159559074023e-05
2.920555512182733210e+20 5.165516252741648507e-05
2.988652873550394819e+20 4.755578603943156360e-05
3.058338032378418954e+20 4.375848492895073090e-05
3.129648010670763540e+20 4.024301119270432979e-05
3.202620693657637356e+20 3.699030756530680375e-05
3.277294849923395748e+20 3.398245070606483701e-05
3.353710152002914877e+20 3.120259607543100203e-05
3.431907197459056558e+20 2.863492453290830022e-05
3.511927530450713313e+20 2.626459067963817138e-05
3.593813663804640461e+20 2.407767296066523093e-05
3.677609101601015726e+20 2.206112553449448606e-05
3.763358362286547927e+20 2.020273191052568014e-05
3.851107002325552988e+20 1.849106034870757451e-05
3.940901640403463700e+20 1.691542100986415757e-05
4.032789982193688904e+20 1.546582483996991817e-05
4.126820845702968771e+20 1.413294416681790279e-05
4.223044187206655017e+20 1.290807498333795991e-05
4.321511127789779681e+20 1.178310088795897453e-05
4.422273980505878692e+20 1.075045864912379901e-05
4.525386278170184909e+20 9.803105358080428699e-06
4.630902801799717847e+20 8.934487131599077369e-06
4.738879609717670543e+20 8.138509324063800671e-06
4.849374067335213220e+20 7.409508206634395778e-06
4.962444877628933407e+20 6.742224069663226343e-06
5.078152112327649526e+20 6.131775703430739920e-06
5.196557243827678740e+20 5.573636211351226075e-06
5.317723177850944881e+20 5.063610109223194276e-06
5.441714286865909678e+20 4.597811663700738399e-06
5.568596444286386176e+20 4.172644423044531458e-06
5.698437059469159301e+20 3.784781893245133477e-06
5.831305113526194668e+20 3.431149312876714896e-06
5.967271195973335122e+20 3.108906480428404489e-06
6.106407542232011244e+20 2.815431588438438225e-06
6.248788072006913884e+20 2.548306019430379285e-06
6.394488428556910592e+20 2.305300059476128739e-06
6.543586018883255665e+20 2.084359486107721097e-06
6.696160054853187666e+20 1.883592988313860257e-06
6.852291595284085473e+20 1.701260377422116189e-06
7.012063589007147663e+20 1.535761548818837165e-06
7.175560918936949883e+20 1.385626155642406757e-06
7.342870447166728438e+20 1.249503956829338656e-06
7.514081061116992553e+20 1.126155803152358982e-06
7.689283720758274294e+20 1.014445226187888559e-06
7.868571506936875581e+20 9.133305964502105363e-07
8.052039670825437102e+20 8.218578182498939908e-07
8.239785684528545137e+20 7.391535301441832634e-07
8.431909292866216919e+20 6.644187811624308380e-07
8.628512566366922342e+20 5.969231542855446338e-07
8.829699955494046925e+20 5.359993099473605754e-07
9.035578346138957251e+20 4.810379235876812604e-07
9.246257116405695775e+20 4.314829925321584520e-07
9.461848194722031206e+20 3.868274886868290236e-07
9.682466119303074939e+20 3.466093347240452697e-07
9.908228099003828142e+20 3.104076825885954068e-07
1.013925407558810206e+21 2.778394742757911776e-07
1.037566678745189188e+21 2.485562659168501681e-07
1.061759183482994688e+21 2.222412972576150157e-07
1.086515774652541698e+21 1.986067896265352910e-07
1.111849604819265389e+21 1.773914564625918404e-07
1.137774133221494882e+21 1.583582114073700855e-07
1.164303132920870863e+21 1.412920598627585055e-07
1.191450698119779713e+21 1.259981607721871167e-07
1.219231251649104445e+21 1.123000462033595490e-07
1.247659552630873522e+21 1.000379870906885533e-07
1.276750704319259214e+21 8.906749424009306854e-08
1.306520162124725223e+21 7.925794440508457620e-08
1.336983741824939852e+21 7.049132191464623272e-08
1.368157627967476072e+21 6.266106696883007354e-08
1.400058382468090429e+21 5.567102232028301275e-08
1.432702953409835434e+21 4.943447062828202540e-08
1.466108684046976942e+21 4.387325530901110922e-08
1.500293322019222847e+21 3.891697821142881042e-08
1.535275028780414927e+21 3.450226792459600165e-08
1.571072389247455199e+21 3.057211296978065404e-08
1.607704421673815507e+21 2.707525455124933405e-08
1.645190587753667494e+21 2.396563393365875181e-08
1.683550802961193763e+21 2.120188988337790469e-08
1.722805447131399193e+21 1.874690195635193322e-08
1.762975375287196582e+21 1.656737573807708670e-08
1.804081928719388377e+21 1.463346644243947825e-08
1.846146946324538065e+21 1.291843755723275969e-08
1.889192776207672017e+21 1.139835148572239124e-08
1.933242287555035267e+21 1.005178937715428426e-08
1.978318882784170476e+21 8.859597565261107936e-09
2.024446509976793383e+21 7.804658243932893739e-09
2.071649675602075320e+21 6.871682203949154500e-09
2.119953457536060097e+21 6.047021635204038175e-09
2.169383518385190994e+21 5.318501165843614113e-09
2.219966119119943369e+21 4.675265464229588471e-09
2.271728133026911879e+21 4.107641872272538061e-09
2.324697059985635934e+21 3.607016670371303254e-09
2.378901041078900621e+21 3.165723695544642312e-09
2.434368873543098171e+21 2.776944146168117046e-09
2.491130026067795902e+21 2.434616509582655099e-09
2.549214654451410272e+21 2.133355643441979364e-09
2.608653617622555820e+21 1.868380128518597355e-09
2.669478494034329076e+21 1.635447090421570568e-09
2.731721598441384575e+21 1.430793760753748458e-09
2.795415999067864957e+21 1.251085115194639861e-09
2.860595535175750779e+21 1.093366987260154009e-09
2.927294835042825011e+21 9.550241125186565876e-10
2.995549334359822565e+21 8.337426092267520826e-10
3.065395295056536011e+21 7.274764480693751947e-10
3.136869824566886138e+21 6.344175062993753397e-10
3.210010895543181509e+21 5.529688404002825280e-10
3.284857366030053802e+21 4.817208467479694373e-10
3.361449000108775440e+21 4.194300119067717301e-10
3.439826489022934942e+21 3.649999834273335789e-10
3.520031472796689760e+21 3.174647185613222349e-10
3.602106562357081145e+21 2.759734923989524188e-10
3.686095362172169224e+21 2.397775687784892104e-10
3.772042493417009185e+21 2.082183571061393774e-10
3.859993617679778841e+21 1.807168961386482035e-10
3.949995461220655170e+21 1.567645219843183064e-10
4.042095839796318437e+21 1.359145922224917198e-10
4.136343684063286002e+21 1.177751512664847695e-10
4.232789065573561532e+21 1.020024340286448699e-10
4.331483223376412017e+21 8.829511570615805214e-11
4.432478591240409448e+21 7.638922520046294901e-11
4.535828825510200214e+21 6.605364841032178592e-11
4.641588833612791808e+21 5.708615548921028901e-11
4.749814803228514058e+21 4.930989321428931108e-11
4.860564232142148600e+21 4.257028995231555230e-11
4.973895958790077940e+21 3.673232639623076170e-11
5.089870193519695495e+21 3.167813034759927209e-11
5.208548550577676616e+21 2.730485839162766106e-11
5.329994080844104335e+21 2.352283140519338506e-11
5.454271305329847304e+21 2.025389450131261973e-11
5.581446249454977942e+21 1.742997528869170768e-11
5.711586478126446674e+21 1.499181725129086246e-11
5.844761131633649648e+21 1.288786766545011699e-11
5.981040962380956172e+21 1.107330180297405510e-11
6.120498372476715139e+21 9.509167246525051798e-12
6.263207452198705299e+21 8.161633994812902765e-12
6.409244019356470346e+21 7.001337682954562170e-12
6.558685659571448447e+21 6.002804709268564939e-12
6.711611767496300823e+21 5.143949362819373448e-12
6.868103588995321037e+21 4.405634203497537008e-12
7.028244264308366639e+21 3.771285973838290541e-12
7.192118872221207757e+21 3.226560233108642392e-12
7.359814475265785987e+21 2.759048711969644048e-12
7.531420165974390735e+21 2.358024101508140924e-12
7.707027114212319035e+21 2.014217623724643113e-12
7.886728615614172103e+21 1.719625290710918360e-12
8.070620141149523804e+21 1.467339254850165501e-12
8.258799387844288709e+21 1.251401089674167420e-12
8.451366330684739158e+21 1.066674226991277334e-12
8.648423275731744719e+21 9.087331163440771209e-13
8.850074914473456435e+21 7.737669729277739425e-13
9.056428379445312618e+21 6.584962444062608074e-13
9.267593301146902462e+21 5.601001597031820880e-13
9.483681866285947290e+21 4.761539274743161137e-13
9.704808877380327178e+21 4.045743318332227022e-13
9.931091813749821014e+21 3.435726308937930500e-13
1.016265089392997250e+22 2.916138023760287799e-13
1.039960913954122341e+22 2.473813021719863008e-13
1.064209244064726804e+22 2.097466084068654699e-13
1.089022962263732833e+22 1.777429169447723469e-13
1.114415251466790476e+22 1.505424360642562153e-13
1.140399601970035504e+22 1.274367995672657493e-13
1.166989818617149784e+22 1.078201801259229955e-13
1.194200028133534885e+22 9.117473930961038934e-14
1.222044686631491233e+22 7.705809843686421819e-14
1.250538587290393903e+22 6.509255601512583112e-14
1.279696868215944223e+22 5.495581381813977093e-14
1.309535020482670310e+22 4.637300526774328254e-14
1.340068896363953468e+22 3.910984731659044137e-14
1.371314717753948399e+22 3.296676098349494085e-14
1.403289084785876114e+22 2.777382652391077178e-14
1.436008984651263640e+22 2.338645732014520314e-14
1.469491800624820178e+22 1.968169229630183202e-14
1.503755321299741494e+22 1.655502030605313927e-14
1.538817750038349454e+22 1.391766177389261393e-14
1.574697714643090014e+22 1.169424312604892854e-14
1.611414277253023085e+22 9.820808430148188128e-15
1.648986944471068312e+22 8.243120351667033152e-15
1.687435677727379056e+22 6.915209186387857937e-15
1.726780903884359467e+22 5.798134477767869347e-15
1.767043526088950232e+22 4.858928695329743552e-15
1.808244934877955437e+22 4.069696738582995621e-15
1.850407019542305833e+22 3.406848730962081313e-15
1.893552179756299138e+22 2.850446758499330764e-15
1.937703337477992874e+22 2.383648956888431028e-15
1.982883949127075575e+22 1.992236717761903009e-15
2.029118018046682097e+22 1.664212822109578699e-15
2.076430107255779203e+22 1.389460060706177327e-15
2.124845352498887236e+22 1.159451407145431162e-15
2.174389475600084291e+22 9.670041023721027564e-16
2.225088798128374127e+22 8.060711197235724858e-16
2.276970255381684447e+22 6.715644317750474789e-16
2.330061410696929529e+22 5.592053166495078812e-16
2.384390470093725552e+22 4.653976408585226087e-16
2.439986297259555396e+22 3.871206545602720179e-16
2.496878428884331974e+22 3.218383474977490557e-16
2.555097090352512133e+22 2.674228520135315619e-16
2.614673211801097313e+22 2.220897539499682234e-16
2.675638444552050914e+22 1.843434919996048853e-16
2.738025177927863239e+22 1.529312989777025950e-16
2.801866556459201226e+22 1.268043712635865133e-16
2.867196497493775666e+22 1.050851510776451661e-16
2.934049709215793021e+22 8.703977529007505976e-17
3.002461709085555294e+22 7.205488835909738482e-17
3.072468842709009616e+22 5.961813942937369007e-17
3.144108303147271507e+22 4.930178772326983501e-17
3.217418150676378157e+22 4.074892881783204604e-17
3.292437333007775511e+22 3.366192952231349290e-17
3.369205705980274069e+22 2.779272282610862770e-17
3.447764054734471273e+22 2.293466846139401563e-17
3.528154115380890462e+22 1.891573046009541559e-17
3.610418597173344705e+22 1.559276191212530401e-17
3.694601205199309845e+22 1.284672000240044426e-17
3.780746663599356982e+22 1.057866221448412555e-17
3.868900739327983197e+22 8.706398103301278108e-18
3.959110266468467055e+22 7.161690909489326782e-18
4.051423171114656019e+22 5.887920068057176109e-18
4.145888496832920053e+22 4.838129825928576463e-18
4.242556430717785473e+22 3.973401127806710488e-18
4.341478330055101147e+22 3.261493998484081455e-18
4.442706749606891985e+22 2.675716131720544066e-18
4.546295469532408657e+22 2.193980536771030396e-18
4.652299523960198713e+22 1.798021101901620248e-18
4.760775230226377474e+22 1.472739986363002738e-18
4.871780218794641090e+22 1.205664997846537042e-18
4.985373463873903919e+22 9.864986780170850261e-19
5.101615314749844200e+22 8.067438113835258917e-19
5.220567527846985912e+22 6.593925830473264378e-19
5.342293299538363312e+22 5.386687152364869829e-19
5.466857299720192131e+22 4.398136755480429803e-19
5.594325706169389154e+22 3.589095259583164167e-19
5.724766239702190444e+22 2.927322168475505667e-19
5.858248200152547957e+22 2.386301632260007322e-19
5.994842503189421359e+22 1.944238036331476019e-19
6.134621717992518871e+22 1.583225632390211305e-19
6.277660105806512443e+22 1.288562445733895277e-19
6.424033659394203845e+22 1.048183714331228034e-19
6.573820143409598929e+22 8.521943015604555680e-20
6.727099135712350647e+22 6.924830127059497958e-20
6.883952069645510377e+22 5.624046500327272322e-20
7.044462277299051430e+22 4.565180586405892313e-20
7.208715033782150339e+22 3.703704258907306371e-20
7.376797602527745933e+22 3.003197684453972750e-20
7.548799281653446450e+22 2.433889293024979707e-20
7.724811451403416161e+22 1.971455598392050423e-20
7.904927622696436708e+22 1.596035182452672802e-20
8.089243486805954868e+22 1.291419087703437407e-20
8.277856966198489724e+22 1.044386434276794863e-20
8.470868266557418924e+22 8.441595212561280674e-21
8.668379930019791215e+22 6.819571775905745851e-21
8.870496889654421435e+22 5.506288551555050355e-21
9.077326525210242213e+22 4.443550379726664405e-21
9.288978720164517459e+22 3.584020876747755471e-21
9.505565920101210574e+22 2.889217477414324878e-21
9.727203192450556992e+22 2.327872641081579698e-21
9.954008287621538225e+22 1.874595107964693856e-21
1.018610170155977335e+23 1.508776888009462644e-21
1.042360673976403341e+23 1.213701382049016181e-21
1.066664958279540959e+23 9.758160352953057574e-22
1.091535935331393287e+23 7.841395059924689257e-22
1.116986818467824801e+23 6.297787452416510882e-22
1.143031129114481053e+23 5.055358327591027945e-22
1.169682703970387058e+23 4.055880673073518141e-22
1.196955702359045209e+23 3.252278099519556310e-22
1.224864613750933260e+23 2.606510389429359519e-22
1.253424265461402058e+23 2.087855924795674815e-22
1.282649830528062482e+23 1.671517287346069522e-22
1.312556835771845475e+23 1.337489862860991571e-22
1.343161170046018073e+23 1.069644360816947199e-22
1.374479092677539476e+23 8.549832233433067878e-23
1.406527242105239194e+23 6.830383060045753649e-23
1.439322644719409362e+23 5.453832656013269091e-23
1.472882723907504827e+23 4.352390322417694557e-23
1.507225309310758662e+23 3.471547757847217220e-23
1.542368646296630702e+23 2.767500657294156104e-23
1.578331405652119739e+23 2.205066043584261331e-23
1.615132693503093003e+23 1.756000966286256127e-23
1.652792061464897105e+23 1.397645980635123356e-23
1.691329517029650386e+23 1.111831283382824358e-23
1.730765534195727613e+23 8.839951442327545417e-24
1.771121064345090476e+23 7.024738299966804051e-24
1.812417547374239584e+23 5.579299820014906963e-24
1.854676923084701277e+23 4.428927089937651782e-24
1.897921642839103462e+23 3.513877700479591910e-24
1.942174681489028269e+23 2.786403668624378737e-24
1.987459549580985966e+23 2.208364234167890838e-24
2.033800305846984167e+23 1.749309508328181600e-24
2.081221569986341435e+23 1.384942966110013442e-24
2.129748535745523315e+23 1.095888580233962204e-24
2.179406984302958278e+23 8.667027889984752846e-25
2.230223297965940760e+23 6.850831203106979325e-25
2.282224474186900916e+23 5.412346848190437041e-25
2.335438139906481801e+23 4.273633293076686816e-25
2.389892566231052557e+23 3.372703535276231614e-25
2.445616683452448962e+23 2.660286202503912184e-25
2.502640096417921924e+23 2.097238571286080620e-25
2.560993100258462065e+23 1.652481442922736135e-25
2.620706696483855128e+23 1.301351527335487296e-25
2.681812609453018201e+23 1.024287661805083354e-25
2.744343303228368093e+23 8.057838095506820751e-26
2.808331998823175527e+23 6.335551314073604486e-26
2.873812691851069201e+23 4.978741396120201516e-26
2.940820170587066839e+23 3.910425401140488552e-26
3.009390034449724426e+23 3.069712636507609078e-26
3.079558712914229382e+23 2.408467104336180848e-26
3.151363484866482851e+23 1.888656580616161126e-26
3.224842498408445483e+23 1.480248241158790161e-26
3.300034791125288841e+23 1.159539083375966894e-26
3.376980310825094873e+23 9.078320472060380207e-27
3.455719936762142869e+23 7.103868408331271183e-27
3.536295501355046446e+23 5.555889334973779047e-27
3.618749812411283947e+23 4.342917162028456967e-27
3.703126675869930745e+23 3.392960352221288884e-27
3.789470919074671692e+23 2.649386410236390624e-27
3.877828414589461217e+23 2.067669416852661659e-27
3.968246104569485774e+23 1.612821054060856672e-27
4.060772025700369270e+23 1.257362618257481169e-27
4.155455334718879469e+23 9.797249884911322706e-28
4.252346334528686019e+23 7.629869432044110955e-28
4.351496500925054237e+23 5.938808305756699444e-28
4.452958509942660137e+23 4.620093754887070718e-28
4.556786265841068514e+23 3.592291332936949109e-28
4.663034929742736009e+23 2.791654013257761082e-28
4.771760948938750736e+23 2.168307713877104034e-28
4.883022086877885088e+23 1.683253466163182237e-28
4.996877453854888690e+23 1.306012700534871805e-28
5.113387538414330949e+23 1.012778710448931258e-28
5.232614239486667087e+23 7.849662906625153406e-29
5.354620899273612879e+23 6.080744150157983498e-29
5.479472336900292535e+23 4.707948838399567297e-29
5.607234882852038168e+23 3.643141326957290874e-29
5.737976414214139454e+23 2.817666467527584074e-29
5.871766390733261463e+23 2.178072984968138421e-29
6.008675891719692930e+23 1.682769196544322076e-29
6.148777653810028830e+23 1.299409264866411141e-29
6.292146109610350755e+23 1.002851537552942456e-29
6.438857427240426353e+23 7.735646416979792163e-30
6.588989550799957032e+23 5.963838261720571379e-30
6.742622241778348778e+23 4.595411254198265691e-30
6.899837121430025855e+23 3.539094753596759075e-30
7.060717714137780249e+23 2.724139085539962530e-30
7.225349491787220837e+23 2.095731517939667915e-30
7.393819919175873473e+23 1.611429435560869674e-30
7.566218500481062986e+23 1.238386532756387908e-30
7.742636826811277184e+23 9.511969054845193582e-31
7.923168624866261897e+23 7.302203254896263625e-31
8.107909806731694724e+23 5.602820203950161627e-31
8.296958520834914590e+23 4.296637703880567850e-31
8.490415204088756044e+23 3.293214845645629227e-31
8.688382635251193484e+23 2.522787521528664676e-31
8.890965989529167635e+23 1.931570500503747903e-31
9.098272894455567824e+23 1.478120139487258701e-31
9.310413487069084537e+23 1.130519830755664907e-31
9.527500472427300363e+23 8.642032905578974245e-32
9.749649183484096073e+23 6.602720699819264898e-32
9.976977642363210999e+23 5.041957934691505382e-32
1.020960662306047595e+24 3.848086179150237554e-32
1.044765971560805301e+24 2.935348305228326665e-32
1.069126339173477215e+24 2.237915961108082890e-32
1.094054707205743579e+24 1.705285841360976005e-32
1.119564319483879454e+24 1.298733009399713630e-32
1.145668728634872686e+24 9.885800728898448500e-33
1.172381803286599695e+24 7.520956994066112964e-33
1.199717735435885487e+24 5.718783282194676682e-33
1.227691047988360353e+24 4.346137407013592999e-33
1.256316602474121520e+24 3.301205401003688714e-33
1.285609606943296488e+24 2.506172276209809528e-33
1.315585624045705310e+24 1.901597405375805863e-33
1.346260579298911139e+24 1.442100445991864807e-33
1.377650769549055083e+24 1.093054273283936733e-33
1.409772871628967769e+24 8.280512593906503930e-34
1.442643951218158857e+24 6.269631242009707531e-34
1.476281471909391000e+24 4.744561211583830815e-34
1.510703304486655579e+24 3.588553211973975295e-34
1.545927736419478426e+24 2.712763960562115583e-34
1.581973481578601583e+24 2.049622614117666497e-34
1.618859690178199354e+24 1.547765213027578044e-34
1.656605958949915213e+24 1.168168628468970733e-34
1.695232341554121306e+24 8.812015994903028249e-35
1.734759359233932447e+24 6.643765497042837590e-35
1.775208011717635933e+24 5.006365964497517327e-35
1.816599788375328653e+24 3.770510651291733289e-35
1.858956679635688292e+24 2.838226370985383293e-35
1.902301188668945802e+24 2.135320994952056194e-35
1.946656343342263218e+24 1.605641518944974496e-35
1.992045708453871230e+24 1.206711049581542007e-35
2.038493398252464252e+24 9.064153874609486155e-36
2.086024089248504826e+24 6.804880922271260192e-36
2.134663033324245413e+24 5.106026572361017148e-36
2.184436071149428382e+24 3.829260320486233079e-36
2.235369645909796511e+24 2.870225329549476245e-36
2.287490817355704187e+24 2.150237215709642483e-36
2.340827276178294217e+24 1.610000593084862266e-36
2.395407358720879383e+24 1.204855537687296811e-36
2.451260062033339692e+24 9.011834354715212861e-37
2.508415059277541385e+24 6.736909340657038064e-37
2.566902715491952122e+24 5.033585917880991703e-37
2.626754103723838528e+24 3.758924035834609136e-37
2.688001021537607571e+24 2.805555682122188828e-37
2.750676007908067215e+24 2.092876089656326381e-37
2.814812360507581197e+24 1.560405313105572434e-37
2.880444153396297906e+24 1.162788170065544490e-37
2.947606255124858788e+24 8.660302646352337723e-38
3.016334347259197342e+24 6.446660716627192998e-38
3.086664943337274398e+24 4.796294475083918908e-38
3.158635408267819209e+24 3.566532162605562126e-38
3.232283978181380531e+24 2.650670413245796214e-38
3.307649780744242567e+24 1.968949586676592932e-38
3.384772855945982930e+24 1.461782447754519968e-38
3.463694177371734306e+24 1.084676345943459670e-38
3.544455673970435385e+24 8.044274395465879416e-39
3.627100252330648136e+24 5.962698682628359000e-39
3.711671819475767091e+24 4.417414280325762117e-39
3.798215306190736209e+24 3.270865443248520681e-39
3.886776690892667498e+24 2.420619382573313164e-39
3.977403024058036943e+24 1.790439352476232337e-39
4.070142453219438730e+24 1.323615984697918544e-39
4.165044248545185321e+24 9.779883290766239700e-40
4.262158829015324942e+24 7.222284983747695866e-40
4.361537789208005599e+24 5.330707469497660688e-40
4.463233926710397130e+24 3.932460421177983549e-40
4.567301270168746810e+24 2.899433485460185482e-40
4.673795107992463441e+24 2.136639340440800517e-40
4.782772017727485126e+24 1.573687774788776287e-40
4.894289896114532192e+24 1.158444419534076146e-40
5.008407989848212876e+24 8.523169256014910582e-41
5.125186927053332176e+24 6.267528309268996636e-41
5.244688749495119350e+24 4.606390755024166787e-41
5.366976945540476072e+24 3.383720853084152512e-41
5.492116483887789129e+24 2.484262936603547164e-41
5.620173848083188138e+24 1.822929497804963301e-41
5.751217071841613552e+24 1.336938609025095426e-41
5.885315775191450028e+24 9.799915666653747667e-42
6.022541201461927928e+24 7.179637077752363759e-42
6.162966255132942453e+24 5.257168842834134811e-42
6.306665540567405869e+24 3.847429222243723461e-42
6.453715401646701441e+24 2.814223812099574612e-42
6.604193962330304799e+24 2.057386604745034322e-42
6.758181168161109865e+24 1.503288941268684262e-42
6.915758828738524727e+24 1.097838097394489039e-42
7.077010661181889255e+24 8.013152592694707701e-43
7.242022334607314955e+24 5.845717294936197744e-43
7.410881515641569368e+24 4.262275173779979397e-43
7.583677914997191053e+24 3.106092898173989230e-43
7.760503335133570946e+24 2.262333763595893679e-43
7.941451719029339328e+24 1.646903656538669918e-43
8.126619200091945240e+24 1.198254285215940804e-43
8.316104153230961585e+24 8.713629060968039418e-44
8.510007247122246144e+24 6.333130332246650345e-44
8.708431497690724405e+24 4.600521487697382857e-44
8.911482322840202183e+24 3.340142393805061224e-44
9.119267598459297858e+24 2.423774321466605853e-44
9.331897715733239003e+24 1.757877707811712726e-44
9.549485639791966165e+24 1.274249341217496878e-44
9.772146969725724149e+24 9.231865253774907002e-45
1.000000000000000091e+25 6.684882476207914364e-45
