1.000000000000000000e+05 0.000000000000000000e+00
1.039255682936713129e+05 0.000000000000000000e+00
1.080052374516253913e+05 0.000000000000000000e+00
1.122450568085305858e+05 0.000000000000000000e+00
1.166513131698196230e+05 0.000000000000000000e+00
1.212305401337652875e+05 0.000000000000000000e+00
1.259895277795028524e+05 0.000000000000000000e+00
1.309353327353609493e+05 0.000000000000000000e+00
1.360752886424333265e+05 0.000000000000000000e+00
1.414170170289023954e+05 0.000000000000000000e+00
1.469684386112447537e+05 0.000000000000000000e+00
1.527377850390712556e+05 0.000000000000000000e+00
1.587336111010208551e+05 0.000000000000000000e+00
1.649648074098020734e+05 0.000000000000000000e+00
1.714406135851971922e+05 0.000000000000000000e+00
1.781706319545728911e+05 0.000000000000000000e+00
1.851648417912154109e+05 0.000000000000000000e+00
1.924336141115979990e+05 0.000000000000000000e+00
1.999877270535287098e+05 0.000000000000000000e+00
2.078383818579755316e+05 0.000000000000000000e+00
2.159972194782717270e+05 0.000000000000000000e+00
2.244763378413223836e+05 0.000000000000000000e+00
2.332883097864158335e+05 0.000000000000000000e+00
2.424462017082330713e+05 0.000000000000000000e+00
2.519635929317013652e+05 0.000000000000000000e+00
2.618545958474232757e+05 0.000000000000000000e+00
2.721338768375308719e+05 0.000000000000000000e+00
2.828166780230035074e+05 0.000000000000000000e+00
2.939188398646884016e+05 0.000000000000000000e+00
3.054568246515431674e+05 0.000000000000000000e+00
3.174477409109193250e+05 0.000000000000000000e+00
3.299093687770942342e+05 0.000000000000000000e+00
3.428601863556583412e+05 0.000000000000000000e+00
3.563193971228583832e+05 0.000000000000000000e+00
3.703069584005140932e+05 0.000000000000000000e+00
3.848436109487432986e+05 0.000000000000000000e+00
3.999509097203661222e+05 0.000000000000000000e+00
4.156512558225988178e+05 0.000000000000000000e+00
4.319679297334173461e+05 0.000000000000000000e+00
4.489251258218607400e+05 0.000000000000000000e+00
4.665479882234468241e+05 0.000000000000000000e+00
4.848626481239077984e+05 0.000000000000000000e+00
5.038962625065150205e+05 0.000000000000000000e+00
5.236770544204655453e+05 0.000000000000000000e+00
5.442343548300272087e+05 0.000000000000000000e+00
5.655986461065001786e+05 0.000000000000000000e+00
5.878016072274912149e+05 0.000000000000000000e+00
6.108761607505040010e+05 0.000000000000000000e+00
6.348565216305210488e+05 0.000000000000000000e+00
6.597782479539533379e+05 0.000000000000000000e+00
6.856782936641738052e+05 0.000000000000000000e+00
7.125950633568410994e+05 0.000000000000000000e+00
7.405684692262442550e+05 0.000000000000000000e+00
7.696399902471150272e+05 0.000000000000000000e+00
7.998527336796708405e+05 0.000000000000000000e+00
8.312514989890631987e+05 0.000000000000000000e+00
8.638828442740453174e+05 0.000000000000000000e+00
8.977951553033313248e+05 0.000000000000000000e+00
9.330387172620360507e+05 0.000000000000000000e+00
9.696657893145519774e+05 0.000000000000000000e+00
1.007730682094461750e+06 0.000000000000000000e+00
1.047289838236357435e+06 0.000000000000000000e+00
1.088401916069005383e+06 0.000000000000000000e+00
1.131127876593921334e+06 0.000000000000000000e+00
1.175531073878369993e+06 0.000000000000000000e+00
1.221677348996793153e+06 0.000000000000000000e+00
1.269635127659972757e+06 0.000000000000000000e+00
1.319475521676705917e+06 0.000000000000000000e+00
1.371272434398400830e+06 0.000000000000000000e+00
1.425102670302996412e+06 0.000000000000000000e+00
1.481046048880673945e+06 0.000000000000000000e+00
1.539185522990205325e+06 0.000000000000000000e+00
1.599607301861487795e+06 0.000000000000000000e+00
1.662400978926613461e+06 0.000000000000000000e+00
1.727659664669034770e+06 0.000000000000000000e+00
1.795480124687830452e+06 0.000000000000000000e+00
1.865962923181745922e+06 0.000000000000000000e+00
1.939212572065830929e+06 0.000000000000000000e+00
2.015337685941735283e+06 0.000000000000000000e+00
2.094451143151468830e+06 0.000000000000000000e+00
2.176670253153459169e+06 0.000000000000000000e+00
2.262116930469026323e+06 0.000000000000000000e+00
2.350917875457284506e+06 0.000000000000000000e+00
2.443204762186486740e+06 0.000000000000000000e+00
2.539114433680347167e+06 0.000000000000000000e+00
2.638789104828934651e+06 0.000000000000000000e+00
2.742376573264952283e+06 0.000000000000000000e+00
2.850030438518105075e+06 0.000000000000000000e+00
2.961910329772553407e+06 0.000000000000000000e+00
3.078182142565079965e+06 0.000000000000000000e+00
3.199018284775060602e+06 0.000000000000000000e+00
3.324597932270938065e+06 0.000000000000000000e+00
3.455107294592218008e+06 0.000000000000000000e+00
3.590739891061055008e+06 0.000000000000000000e+00
3.731696837732755579e+06 0.000000000000000000e+00
3.878187145610719454e+06 0.000000000000000000e+00
4.030428030568050686e+06 0.000000000000000000e+00
4.188645235435271170e+06 0.000000000000000000e+00
4.353073364731892012e+06 0.000000000000000000e+00
4.523956232538058423e+06 0.000000000000000000e+00
4.701547224022129551e+06 0.000000000000000000e+00
4.886109671160326339e+06 0.000000000000000000e+00
5.077917243205402978e+06 0.000000000000000000e+00
5.277254352483532391e+06 0.000000000000000000e+00
5.484416576121015474e+06 0.000000000000000000e+00
5.699711094326075166e+06 0.000000000000000000e+00
5.923457145875805989e+06 0.000000000000000000e+00
6.155986501483513974e+06 0.000000000000000000e+00
6.397643955748423934e+06 0.000000000000000000e+00
6.648787838417262770e+06 0.000000000000000000e+00
6.909790545715644956e+06 0.000000000000000000e+00
7.181039092537341639e+06 0.000000000000000000e+00
7.462935686310129240e+06 0.000000000000000000e+00
7.755898323389001191e+06 0.000000000000000000e+00
8.060361408861344680e+06 0.000000000000000000e+00
8.376776400682924315e+06 0.000000000000000000e+00
8.705612479099856690e+06 0.000000000000000000e+00
9.047357242349293083e+06 0.000000000000000000e+00
9.402517429670132697e+06 0.000000000000000000e+00
9.771619672696182504e+06 0.000000000000000000e+00
1.015521127634569071e+07 0.000000000000000000e+00
1.055386103036523052e+07 0.000000000000000000e+00
1.096816005273137987e+07 0.000000000000000000e+00
1.139872266616052575e+07 1.435931806981301170e-287
1.184618730902682431e+07 3.874006624868047869e-268
1.231121748203889653e+07 4.786571228495733402e-250
1.279450273207873479e+07 3.402102452077522408e-233
1.329675967466210015e+07 1.698987241023905838e-217
1.381873305653633550e+07 7.217296066577372577e-203
1.436119685999077372e+07 3.088876906670149603e-189
1.492495545051829144e+07 1.568991225479202146e-176
1.551084476952840574e+07 1.096141013245101262e-164
1.611973357388155349e+07 1.214527685623347182e-153
1.675252472408217192e+07 2.426410544917617748e-143
1.741015652304015309e+07 9.824699913097773928e-134
1.809360410738716647e+07 9.026614472842172892e-125
1.880388089340916649e+07 2.085169125208114524e-116
1.954204007974051312e+07 1.332392577994378506e-108
2.030917620904734731e+07 2.576734336008701613e-101
2.110642679101554677e+07 1.637344680633040798e-94
2.193497398905055597e+07 3.688289135907751765e-88
2.279604637318982184e+07 3.163117619939701831e-82
2.369092074182632193e+07 1.103948934807009487e-76
2.462092401494625583e+07 1.666240295767873360e-71
2.558743520168589056e+07 1.151937641243767563e-66
2.659188744512690976e+07 3.845427945083791262e-62
2.763577014736157283e+07 6.512318508707751020e-58
2.872063117797828093e+07 5.855744868849932109e-54
2.984807916924321279e+07 2.916684855988333102e-50
3.101978590138100088e+07 8.377294507823664925e-47
3.223748878149027005e+07 1.438516937940403745e-43
3.350299341977229714e+07 1.528367537381936779e-40
3.481817630688966811e+07 1.036974288638650548e-37
3.618498759642742574e+07 4.627013537517035103e-35
3.760545399658175558e+07 1.394266494679976844e-32
3.908168177536264062e+07 2.924689187073255936e-30
4.061585988376979530e+07 4.348639094842022125e-28
4.221026320156902820e+07 4.694869476213662159e-26
4.386725591048493981e+07 3.756729296736848814e-24
4.558929499981059134e+07 2.270915150409902142e-22
4.737893390963143855e+07 1.055544400007601138e-20
4.923882631706731766e+07 3.835361308996034642e-19
5.117173007114610076e+07 1.106277392417158496e-17
5.318051128214196861e+07 2.569509699877265935e-16
5.526814857144603133e+07 4.869080749843489692e-15
5.743773748826587200e+07 7.620722158173229708e-14
5.969249509970727563e+07 9.965978352161276495e-13
6.203576476104268432e+07 1.100495743232660417e-11
6.447102107323869318e+07 1.036220102098728178e-10
6.700187503509576619e+07 8.397128154745391621e-10
6.963207939763890207e+07 5.905942201130298317e-09
7.236553422869649529e+07 3.634018535572658314e-08
7.520629269592407346e+07 1.970644743087575870e-07
7.815856707684090734e+07 9.481945851508853983e-07
8.122673500479702652e+07 4.074681552944993287e-06
8.441534596012993157e+07 1.572865332687451594e-05
8.772912801613356173e+07 5.484604291193943327e-05
9.117299484984922409e+07 1.736436326079039314e-04
9.475205302806547284e+07 5.015909738870066295e-04
9.847160957933764160e+07 1.330141501089895234e-03
1.023371798632517159e+08 3.235741784442965757e-03
1.063544957486011237e+08 7.286100427976951836e-03
1.105295141126019806e+08 1.521788111518624156e-02
1.148684256737554818e+08 2.958844399510536169e-02
1.193776641714435816e+08 5.373385429800922597e-02
1.240639159058829248e+08 9.144241135216543692e-02
1.289341296525715739e+08 1.462721226649472683e-01
1.339955269659337103e+08 2.205960867110400014e-01
1.392556128874464631e+08 3.145511583730199456e-01
1.447221870741134286e+08 4.252901971552477955e-01
1.504033553638022244e+08 5.467077365858172833e-01
1.563075417945817411e+08 6.699943878737620873e-01
1.624435010958865285e+08 7.848341082819789705e-01
1.688203316700366139e+08 8.810664215842416436e-01
1.754474890833459795e+08 9.503787178214226916e-01
1.823348000868438482e+08 9.874366771723755987e-01
1.894924771873823702e+08 9.906635285572613636e-01
1.969311337907421887e+08 9.622997169611662294e-01
2.046617999391994178e+08 9.069607433501610805e-01
2.126959386668691933e+08 8.315977866076900149e-01
2.210454629971019328e+08 7.434376551856307636e-01
2.297227536071146429e+08 6.493864263436531781e-01
2.387406771860646904e+08 5.555627372559562849e-01
2.481126055137765408e+08 4.663994826741452715e-01
2.578524352884276509e+08 3.850332021484377254e-01
2.679746087325689495e+08 3.131379844331713680e-01
2.784941350080638528e+08 2.513295985629498408e-01
2.894266124716751575e+08 1.994090102044701052e-01
3.007882518043096066e+08 1.566437775292296164e-01
3.125959000482284427e+08 1.219939700299238344e-01
3.248670655878374577e+08 9.429061422215302690e-02
3.376199441111333370e+08 7.246322777900106316e-02
3.508734455902714729e+08 5.538598558515485382e-02
3.646472223212745190e+08 4.215185286179781027e-02
3.789616980644723773e+08 3.196560106953693498e-02
3.938380983288488984e+08 2.416965863066541237e-02
4.092984818452433944e+08 1.822974594567048842e-02
4.253657732750391960e+08 1.372014292115980930e-02
4.420637972028530240e+08 1.030684014995103537e-02
4.594173134636485577e+08 7.728304642798773487e-03
4.774520538566131592e+08 5.784231107702570741e-03
4.961947603002898097e+08 4.320173593784944893e-03
5.156732244854952693e+08 3.218447572082969686e-03
5.359163290848514438e+08 2.390048620386294072e-03
5.569540905800124407e+08 1.768735910451068715e-03
5.788177037701280117e+08 1.303273310585703398e-03
6.015395880274832249e+08 9.549961061582872956e-04
6.251534353689699173e+08 6.948698808984161458e-04
6.496942604146125317e+08 5.016020550573865736e-04
6.751984523072494268e+08 3.589985267985481101e-04
7.017038286703836918e+08 2.541376393505923622e-04
7.292496916841443777e+08 1.774928980966235053e-04
7.578768863625915051e+08 1.221094242358181797e-04
7.876278611187063456e+08 8.276558197216433229e-05
8.185467307069020271e+08 5.508810555748575141e-05
8.506793416364170313e+08 3.588064343949537167e-05
8.840733401525062323e+08 2.280356608673159643e-05
9.187782428863321543e+08 1.416060159508593696e-05
9.548455102782303095e+08 8.562289864995708226e-06
9.923286228832545280e+08 5.018693121456877549e-06
1.031283160672186852e+09 2.839418152737774237e-06
1.071766885445503354e+09 1.553752766520933126e-06
1.113839826482618332e+09 8.201963256309580276e-07
1.157564369553301096e+09 4.153841126612419266e-07
1.203005349423324108e+09 2.005453825988385653e-07
1.250230145991458654e+09 9.265849485448149055e-08
1.299308784200417042e+09 4.086801197269084012e-08
1.350314037869872093e+09 1.709749753107065306e-08
1.403321537605481863e+09 6.745497629381310582e-09
1.458409882943986416e+09 2.504995234368480178e-09
1.515660758900601149e+09 8.781889648263977281e-10
1.575159057091624498e+09 2.885963026140992632e-10
1.636993001611701965e+09 8.825143418229555580e-11
1.701254279852585793e+09 2.499890846231012375e-11
1.768038178457201481e+09 6.591887910407758623e-12
1.837443724610724926e+09 1.605649977451828681e-12
1.909573832878100634e+09 3.585256409130391384e-13
1.984535457805803299e+09 7.270596197621848940e-14
2.062439752514088392e+09 1.351374292949886391e-14
2.143402233514850140e+09 2.279290643660015907e-15
2.227542951999556541e+09 3.458512938113679579e-16
2.314986671851165771e+09 4.676950916391431453e-17
2.405863054644066811e+09 5.640710198752224028e-18
2.500306851906321526e+09 6.056367247807771138e-19
2.598458104929241657e+09 5.719330505396786730e-20
2.700462352420681953e+09 4.694313046779097650e-21
2.806470846309844494e+09 3.334536527558835928e-22
2.916640776023706913e+09 2.052979047680449684e-23
3.031135501567575932e+09 1.080692442488522018e-24
3.150124795755321503e+09 4.791684217070092721e-26
3.273785095948576927e+09 1.772412438608484788e-27
3.402299765678064346e+09 5.486379928536581356e-29
3.535859366535182953e+09 1.399641764510545319e-30
3.674661940736688137e+09 2.893866487173119420e-32
3.818913304781846523e+09 4.771425494820620156e-34
3.968827354637149811e+09 6.282588806470444242e-36
4.124626382901348114e+09 6.512343813908124555e-38
4.286541408420933723e+09 5.204312785034114059e-40
4.454812518844988823e+09 3.138178716072468221e-42
4.629689226627258301e+09 1.421061343176583186e-44
4.811430839003244400e+09 4.778423388090010580e-47
5.000306842491089821e+09 1.162703843213963977e-49
5.196597302486207962e+09 1.993287150644344471e-52
5.400593278542373657e+09 2.369580307250971610e-55
5.612597255954965591e+09 1.939531487277165636e-58
5.832923594286188126e+09 1.058657320153876078e-61
6.061898993497571945e+09 3.729725464119853503e-65
6.299862978380705833e+09 8.259819580585609439e-69
6.547168402004742622e+09 1.139757454661370366e-72
6.804181968927093506e+09 9.452343318174244559e-77
7.071284778942981720e+09 4.525131206245660123e-81
7.348872892180387497e+09 1.202207311996182000e-85
7.637357916378011703e+09 1.748325803555800895e-90
7.937167617217558861e+09 1.336657886274526478e-95
8.248746552614581108e+09 5.109758589516058469e-101
8.572556731909307480e+09 9.266005992127639859e-107
8.909078300934106827e+09 7.768064806925144810e-113
9.258810253973945618e+09 2.885667119994988758e-119
9.622271173675153732e+09 4.454975216828507946e-126
1.000000000000000000e+10 2.677692283626638313e-133
