1.000000000000000000e+13 5.316161274652679290e-15
1.016265089392993164e+13 5.509921844900735924e-15
1.032794731918952539e+13 5.710744495532846513e-15
1.049593230558226562e+13 5.918886621428657904e-15
1.066664958279541016e+13 6.134614998856718476e-15
1.084014359178331055e+13 6.358206127402251394e-15
1.101645949633654688e+13 6.589946584357213601e-15
1.119564319483879492e+13 6.830133392027434645e-15
1.137774133221490234e+13 7.079074398426267527e-15
1.156280131207377734e+13 7.337088671844415680e-15
1.175087130904807617e+13 7.604506909800426032e-15
1.194200028133530078e+13 7.881671862896465909e-15
1.213623798344241797e+13 8.168938774122527132e-15
1.233363497913774609e+13 8.466675834172190383e-15
1.253424265461401953e+13 8.775264653353475003e-15
1.273811323186478516e+13 9.095100750699628588e-15
1.294529978227913477e+13 9.426594060906644212e-15
1.315585624045705273e+13 9.770169459747984241e-15
1.336983741824945312e+13 1.012626730863809008e-14
1.358729901902711914e+13 1.049534401904506803e-14
1.380829765218092383e+13 1.087787263747416018e-14
1.403289084785870312e+13 1.127434345177254154e-14
1.426113707194129688e+13 1.168526461953231991e-14
1.449309574126215039e+13 1.211116281939726653e-14
1.472882723907504883e+13 1.255258392610798061e-14
1.496839293077255469e+13 1.301009371015080504e-14
1.521185517986101758e+13 1.348427856290684608e-14
1.545927736419478516e+13 1.397574624823191801e-14
1.571072389247448828e+13 1.448512668142763014e-14
1.596626022101428320e+13 1.501307273660598859e-14
1.622595287078087109e+13 1.556026108347937115e-14
1.648986944471061523e+13 1.612739305464958147e-14
1.675807864530768750e+13 1.671519554450733737e-14
1.703065029252842578e+13 1.732442194089441172e-14
1.730765534195727539e+13 1.795585309072242966e-14
1.758916590327732617e+13 1.861029830078604211e-14
1.787525525904231641e+13 1.928859637505288539e-14
1.816599788375328516e+13 1.999161668976152363e-14
1.846146946324545703e+13 2.072026030770120362e-14
1.876174691439123438e+13 2.147546113310693369e-14
1.906690840512251953e+13 2.225818710864635356e-14
1.937703337477984766e+13 2.306944145603382760e-14
1.969220255479173438e+13 2.391026396186177072e-14
2.001249798969035156e+13 2.478173231029736748e-14
2.033800305846983984e+13 2.568496346435252440e-14
2.066880249629082031e+13 2.662111509749774175e-14
2.100498241653910938e+13 2.759138707745410150e-14
2.134663033324245312e+13 2.859702300406782007e-14
2.169383518385182031e+13 2.963931180323227047e-14
2.204668735239412109e+13 3.071958937890855296e-14
2.240527869300017969e+13 3.183924032535588374e-14
2.276970255381675391e+13 3.299969970176873839e-14
2.314005380130654297e+13 3.420245487159521890e-14
2.351642884494346094e+13 3.544904740889362820e-14
2.389892566231052734e+13 3.674107507417101086e-14
2.428764382460450391e+13 3.808019386223594115e-14
2.468268452255687500e+13 3.946812012468969491e-14
2.508415059277541016e+13 4.090663276977969772e-14
2.549214654451420312e+13 4.239757554242626376e-14
2.590677858688011328e+13 4.394285938735624115e-14
2.632815465648019922e+13 4.554446489836389778e-14
2.675638444552039844e+13 4.720444485684179994e-14
2.719157943036018750e+13 4.892492686283444762e-14
2.763385290053167188e+13 5.070811606198731813e-14
2.808331998823175391e+13 5.255629797188610455e-14
2.854009769829237500e+13 5.447184141140864228e-14
2.900430493863985547e+13 5.645720153684377595e-14
2.947606255124858594e+13 5.851492298867273849e-14
2.995549334359810156e+13 6.064764315303440925e-14
3.044272212064305859e+13 6.285809554207141816e-14
3.093787571730136719e+13 6.514911329747621061e-14
3.144108303147271484e+13 6.752363282173400280e-14
3.195247505759213672e+13 6.998469754171483717e-14
3.247218492073125391e+13 7.253546180943888084e-14
3.300034791125288672e+13 7.517919494501489396e-14
3.353710152002928906e+13 7.791928542693330806e-14
3.408258547423444922e+13 8.075924523508343213e-14
3.463694177371734375e+13 8.370271435206846082e-14
3.520031472796675000e+13 8.675346542857049451e-14
3.577285099367877344e+13 8.991540861876717457e-14
3.635469961293317969e+13 9.319259659198135942e-14
3.694601205199310156e+13 9.658922972699402967e-14
3.754694224073336719e+13 1.001096614956761870e-13
3.815764661271244531e+13 1.037584040428399699e-13
3.877828414589460938e+13 1.075401339694621496e-13
3.940901640403447656e+13 1.114596983266900357e-13
4.005000757873603125e+13 1.155221208283124510e-13
4.070142453219439062e+13 1.197326082896678016e-13
4.136343684063269531e+13 1.240965573012162287e-13
4.203621683844717969e+13 1.286195611453644045e-13
4.271993966306776562e+13 1.333074169653811926e-13
4.341478330055101562e+13 1.381661331956042983e-13
4.412092863191189844e+13 1.432019372624577684e-13
4.483855948021181250e+13 1.484212835661535973e-13
4.556786265841068750e+13 1.538308617533039550e-13
4.630902801799736719e+13 1.594376052910501133e-13
4.706224849841271875e+13 1.652487003536923471e-13
4.782772017727485156e+13 1.712715950332291772e-13
4.860564232142128906e+13 1.775140088855699796e-13
4.939621743878325781e+13 1.839839428247088897e-13
5.019965133110078906e+13 1.906896893775025250e-13
5.101615314749843750e+13 1.976398433122104094e-13
5.184593543892913281e+13 2.048433126544187849e-13
5.268921421350666406e+13 2.123093301044659472e-13
5.354620899273613281e+13 2.200474648710033717e-13
5.441714286865887500e+13 2.280676349358599130e-13
5.530224256192911719e+13 2.363801197659277050e-13
5.620173848083188281e+13 2.449955734883614956e-13
5.711586478126423438e+13 2.539250385459949488e-13
5.804485942768983594e+13 2.631799598504296020e-13
5.898896425508492969e+13 2.727721994509999807e-13
5.994842503189421094e+13 2.827140517383679487e-13
6.092349152400711719e+13 2.930182592022516820e-13
6.191441755977835156e+13 3.036980287634838532e-13
6.292146109610350781e+13 3.147670487013302190e-13
6.394488428556936719e+13 3.262395061977654921e-13
6.498495354469901562e+13 3.381301055211873937e-13
6.604193962330305469e+13 3.504540868729046770e-13
6.711611767496272656e+13 3.632272459204811665e-13
6.820776732865692188e+13 3.764659540430699063e-13
6.931717276155400000e+13 3.901871793146100334e-13
7.044462277299051562e+13 4.044085082518135709e-13
7.159041085964889062e+13 4.191481683548101601e-13
7.275483529196217188e+13 4.344250514693371868e-13
7.393819919175873438e+13 4.502587380004232378e-13
7.514081061116962500e+13 4.666695220085964305e-13
7.636298261282257812e+13 4.836784372207835501e-13
7.760503335133570312e+13 5.013072839892319813e-13
7.886728615614139062e+13 5.195786572330504652e-13
8.015006961565414062e+13 5.385159753980732082e-13
8.145371766280737500e+13 5.581435104723075780e-13
8.277856966198489062e+13 5.784864190953303811e-13
8.412497049736118750e+13 5.995707748015480235e-13
8.549327066268367188e+13 6.214236014386391955e-13
8.688382635251193750e+13 6.440729078040095983e-13
8.829699955494082812e+13 6.675477235436599948e-13
8.973315814583537500e+13 6.918781363594573923e-13
9.119267598459298438e+13 7.170953305725700519e-13
9.267593301146864062e+13 7.432316270923333500e-13
9.418331534647960938e+13 7.703205248419787090e-13
9.571521538991856250e+13 7.983967436941691954e-13
9.727203192450557812e+13 8.274962689714369415e-13
9.885417021919573438e+13 8.576563975685369657e-13
1.004620421346811094e+14 8.889157857558462641e-13
1.020960662306047500e+14 9.213144987250679070e-13
1.037566678745184844e+14 9.548940619407424063e-13
1.054442793526170625e+14 9.896975143633942607e-13
1.071593399822671094e+14 1.025769463612495394e-12
1.089022962263728281e+14 1.063156143140058585e-12
1.106736018095974531e+14 1.101905471487895234e-12
1.124737178364750781e+14 1.142067113704810523e-12
1.143031129114480938e+14 1.183692545002196384e-12
1.161622632608501875e+14 1.226835116729731978e-12
1.180516528568803125e+14 1.271550124755719429e-12
1.199717735435885469e+14 1.317894880339697169e-12
1.219231251649109531e+14 1.365928783588175564e-12
1.239062156947918125e+14 1.415713399587639132e-12
1.259215613694150938e+14 1.467312537312366302e-12
1.279696868215938906e+14 1.520792331408342239e-12
1.300511252173409844e+14 1.576221326957760492e-12
1.321664183946603750e+14 1.633670567333173674e-12
1.343161170046018125e+14 1.693213685253593864e-12
1.365007806546013750e+14 1.754926997159361772e-12
1.387209780541618125e+14 1.818889601026716841e-12
1.409772871628967812e+14 1.885183477747467316e-12
1.432702953409829375e+14 1.953893596203652484e-12
1.456005995020651562e+14 2.025108022171913220e-12
1.479688062686396250e+14 2.098918031197090310e-12
1.503755321299735312e+14 2.175418225579910376e-12
1.528214036025870938e+14 2.254706655628276916e-12
1.553070573933458438e+14 2.336884945328111430e-12
1.578331405652119688e+14 2.422058422594428099e-12
1.604003107056820000e+14 2.510336254269739352e-12
1.630092360979737812e+14 2.601831586042760740e-12
1.656605958949915312e+14 2.696661687466807063e-12
1.683550802961200625e+14 2.794948102263683986e-12
1.710933907269016875e+14 2.896816804105765840e-12
1.738762400216250312e+14 3.002398358075856476e-12
1.767043526088950312e+14 3.111828088012021756e-12
1.795784647002096875e+14 3.225246249951278003e-12
1.824993244816150625e+14 3.342798211895236896e-12
1.854676923084701250e+14 3.464634640127506704e-12
1.884843409033795312e+14 3.590911692321894545e-12
1.915500555573524062e+14 3.721791217688860292e-12
1.946656343342263125e+14 3.857440964416772077e-12
1.978318882784162188e+14 3.998034794673803851e-12
2.010496416260501250e+14 4.143752907446078377e-12
2.043197320195270625e+14 4.294782069497558203e-12
2.076430107255779062e+14 4.451315854748086274e-12
2.110203428568596562e+14 4.613554892375521135e-12
2.144526075971665312e+14 4.781707123961052452e-12
2.179406984302958125e+14 4.955988070006482569e-12
2.214855233726359375e+14 5.136621106165355765e-12
2.250880052095457188e+14 5.323837749541951538e-12
2.287490817355704062e+14 5.517877955425067621e-12
2.324697059985645625e+14 5.718990424836883348e-12
2.362508465477950000e+14 5.927432923291170456e-12
2.400934876860651875e+14 6.143472611169281437e-12
2.439986297259555312e+14 6.367386386137343864e-12
2.479672892502160000e+14 6.599461238044036588e-12
2.520004993764089688e+14 6.839994616752475405e-12
2.560993100258461875e+14 7.089294813379413684e-12
2.602647881969004375e+14 7.347681355429082034e-12
2.644980182427714375e+14 7.615485416328601904e-12
2.688001021537607500e+14 7.893050239889815174e-12
2.731721598441373438e+14 8.180731580241479347e-12
2.776153294436803750e+14 8.478898157795750649e-12
2.821307675939470625e+14 8.787932131833195770e-12
2.867196497493775625e+14 9.108229590312773570e-12
2.913831704832788750e+14 9.440201057532718535e-12
2.961225437988031250e+14 9.784272020295435134e-12
3.009390034449724375e+14 1.014088347324892356e-11
3.058338032378431875e+14 1.051049248410442177e-11
3.108082173869057500e+14 1.089357277945462042e-11
3.158635408267818750e+14 1.129061535194311547e-11
3.210010895543168125e+14 1.170212908956350767e-11
3.262222009711673125e+14 1.212864142789451935e-11
3.315282342319423125e+14 1.257069902610710894e-11
3.369205705980273750e+14 1.302886846760993885e-11
3.424006137971425625e+14 1.350373698623208989e-11
3.479697903887688125e+14 1.399591321887119804e-11
3.536295501355046250e+14 1.450602798557506851e-11
3.593813663804625625e+14 1.503473509805412729e-11
3.652267364308168125e+14 1.558271219766157132e-11
3.711671819475766875e+14 1.615066162391668127e-11
3.772042493416993750e+14 1.673931131467956562e-11
3.833395101766605625e+14 1.734941573914042776e-11
3.895745615775501250e+14 1.798175686480628751e-11
3.959110266468466875e+14 1.863714515973889620e-11
4.023505548869293125e+14 1.931642063131327685e-11
4.088948226294856250e+14 2.002045390284400468e-11
4.155455334718879375e+14 2.075014732944258316e-11
4.223044187206672500e+14 2.150643615455258357e-11
4.291732378422148750e+14 2.229028970863135237e-11
4.361537789208005625e+14 2.310271265151940167e-11
4.432478591240391250e+14 2.394474626009684927e-11
4.504573251759463125e+14 2.481746976286090029e-11
4.577840538376616250e+14 2.572200172315535234e-11
4.652299523960198750e+14 2.665950147280293609e-11
4.727969591600390625e+14 2.763117059800071701e-11
4.804870439655124375e+14 2.863825447935953469e-11
4.883022086877885000e+14 2.968204388808509824e-11
4.962444877628913125e+14 3.076387664032205071e-11
5.043159487171348750e+14 3.188513931180565215e-11
5.125186927053332500e+14 3.304726901499861843e-11
5.208548550577655000e+14 3.425175524099815037e-11
5.293266058360566875e+14 3.550014176858396918e-11
5.379361503980697500e+14 3.679402864283020576e-11
5.466857299720191875e+14 3.813507422584698065e-11
5.555776222398877500e+14 3.952499732224811043e-11
5.646141419303661250e+14 4.096557938210167520e-11
5.737976414214140000e+14 4.245866678415339792e-11
5.831305113526218750e+14 4.400617320228336697e-11
5.926151812475540000e+14 4.561008205819347462e-11
6.022541201461927500e+14 4.727244906350465290e-11
6.120498372476690000e+14 4.899540485449265762e-11
6.220048825634717500e+14 5.078115772284980860e-11
6.321218475812448750e+14 5.263199644598763510e-11
6.424033659394203750e+14 5.455029322047228357e-11
6.528521141127847500e+14 5.653850670239706611e-11
6.634708121092337500e+14 5.859918515854074289e-11
6.742622241778348750e+14 6.073496973239974965e-11
6.852291595284057500e+14 6.294859782922883864e-11
6.963744730628207500e+14 6.524290662447978013e-11
7.077010661181890000e+14 6.762083670009192346e-11
7.192118872221178750e+14 7.008543581331189100e-11
7.309099328602918750e+14 7.263986280289153163e-11
7.427982482564911250e+14 7.528739163762277139e-11
7.548799281653446250e+14 7.803141561245867512e-11
7.671581176779302500e+14 8.087545169753313178e-11
7.796360130405221250e+14 8.382314504572062543e-11
7.923168624866261250e+14 8.687827366444296611e-11
8.052039670825470000e+14 9.004475325777967471e-11
8.183006815867406250e+14 9.332664224503124354e-11
8.316104153230961250e+14 9.672814696218737201e-11
8.451366330684705000e+14 1.002536270529950412e-10
8.588828559546258750e+14 1.039076010564688911e-10
8.728526623848371250e+14 1.076947521980873663e-10
8.870496889654421250e+14 1.116199343920092663e-10
9.014776314524917500e+14 1.156881784620933969e-10
9.161402457138502500e+14 1.199046985895989136e-10
9.310413487069085000e+14 1.242748989959291002e-10
9.461848194721992500e+14 1.288043808688792320e-10
9.615746001432115000e+14 1.334989495413718346e-10
9.772146969725725000e+14 1.383646219317694580e-10
9.931091813749780000e+14 1.434076342554086773e-10
1.009262190987048375e+15 1.486344500171496818e-10
1.025677930744420875e+15 1.540517682952165860e-10
1.042360673976403250e+15 1.596665323269892954e-10
1.059314763518370000e+15 1.654859384076445930e-10
1.076544612842313625e+15 1.715174451131833667e-10
1.094054707205743500e+15 1.777687828595216734e-10
1.111849604819269875e+15 1.842479638100415633e-10
1.129933938033219250e+15 1.909632921441486999e-10
1.148312414543511000e+15 1.979233747001455189e-10
1.166989818617149750e+15 2.051371320059354869e-10
1.185971012337670500e+15 2.126138097117421537e-10
1.205260936870841250e+15 2.203629904395514565e-10
1.224864613750933250e+15 2.283946060643227879e-10
1.244787146187906250e+15 2.367189504428840926e-10
1.265033720395901250e+15 2.453466926066325103e-10
1.285609606943296500e+15 2.542888904351461941e-10
1.306520162124720000e+15 2.635570048280209455e-10
1.327770829355426250e+15 2.731629143933023887e-10
1.349367140588306500e+15 2.831189306711654471e-10
1.371314717753948500e+15 2.934378139124114621e-10
1.393619274224143500e+15 3.041327894320893105e-10
1.416286616299197250e+15 3.152175645589955660e-10
1.439322644719409500e+15 3.267063462030278618e-10
1.462733356201130000e+15 3.386138590626278272e-10
1.486524844997854000e+15 3.509553644959345156e-10
1.510703304486655500e+15 3.637466800795309412e-10
1.535275028780421250e+15 3.770041998801529916e-10
1.560246414366371250e+15 3.907449154650234272e-10
1.585623961771137250e+15 4.049864376780478001e-10
1.611414277253023250e+15 4.197470192095168256e-10
1.637624074521689000e+15 4.350455779883381810e-10
1.664260176485901750e+15 4.509017214268901491e-10
1.691329517029650500e+15 4.673357715492729297e-10
1.718839142817145500e+15 4.843687910355290457e-10
1.746796215127242250e+15 5.020226102148042612e-10
1.775208011717636000e+15 5.203198550424536941e-10
1.804081928719381000e+15 5.392839760965142890e-10
1.833425482562292500e+15 5.589392786311334769e-10
1.863246311931559750e+15 5.793109537250174625e-10
1.893552179756299000e+15 6.004251105652571763e-10
1.924350975230332250e+15 6.223088099075325479e-10
1.955650715865947000e+15 6.449900987556971169e-10
1.987459549580985750e+15 6.684980463053780618e-10
2.019785756819878500e+15 6.928627811971939079e-10
2.052637752709248000e+15 7.181155301278875403e-10
2.086024089248505000e+15 7.442886578682459064e-10
2.119953457536068750e+15 7.714157087396992715e-10
2.154434690031886750e+15 7.995314496021085227e-10
2.189476762856620750e+15 8.286719144084498953e-10
2.225088798128374000e+15 8.588744503829656238e-10
2.261280066337279500e+15 8.901777658821431370e-10
2.298059988758849000e+15 9.226219800000917086e-10
2.335438139906481500e+15 9.562486739812762794e-10
2.373424250023866000e+15 9.911009445072367128e-10
2.412028207618002000e+15 1.027223458924749578e-09
2.451260062033340000e+15 1.064662512487036526e-09
2.491130026067786000e+15 1.103466087680484305e-09
2.531648478631358000e+15 1.143683915713747775e-09
2.572825967447932000e+15 1.185367540247314610e-09
2.614673211801097500e+15 1.228570383445425901e-09
2.657201105324506500e+15 1.273347814435351044e-09
2.700420718837770000e+15 1.319757220260857634e-09
2.744343303228368000e+15 1.367858079421861547e-09
2.788980292380439500e+15 1.417712038093318338e-09
2.834343306151303500e+15 1.469382989122177145e-09
2.880444153396298000e+15 1.522937153902396218e-09
2.927294835042813000e+15 1.578443167234144437e-09
2.974907547214443500e+15 1.635972165274602782e-09
3.023294684405776500e+15 1.695597876694358470e-09
3.072468842709010000e+15 1.757396717155053958e-09
3.122442823092858000e+15 1.821447887229765574e-09
3.173229634734973000e+15 1.887833473892030401e-09
3.224842498408445500e+15 1.956638555702317959e-09
3.277294849923382000e+15 2.027951311828223067e-09
3.330600343624582000e+15 2.101863135036383978e-09
3.384772855945983000e+15 2.178468748802585588e-09
3.439826489022921000e+15 2.257866328688241029e-09
3.495775574363279000e+15 2.340157628140623613e-09
3.552634676578139500e+15 2.425448108876020565e-09
3.610418597173344500e+15 2.513847076014753182e-09
3.669142378402494000e+15 2.605467818139581371e-09
3.728821307182830000e+15 2.700427752457459773e-09
3.789470919074671500e+15 2.798848575251359579e-09
3.851107002325569000e+15 2.900856417813006039e-09
3.913745601980376000e+15 3.006582008058561848e-09
3.977403024058036500e+15 3.116160838031792533e-09
4.042095839796302000e+15 3.229733337511785878e-09
4.107840889965651000e+15 3.347445053944922496e-09
4.174655289253134500e+15 3.469446838934189603e-09
4.242556430717786000e+15 3.595895041522487740e-09
4.311561990318228500e+15 3.726951708518283161e-09
4.381689931514185500e+15 3.862784792121235828e-09
4.452958509942660000e+15 4.003568365111088822e-09
4.525386278170167000e+15 4.149482843878688626e-09
4.598992090522429000e+15 4.300715219581228047e-09
4.673795107992464000e+15 4.457459297721317399e-09
4.749814803228495000e+15 4.619915946452995620e-09
4.827070965603188000e+15 4.788293353936248596e-09
4.905583706365046000e+15 4.962807295066655242e-09
4.985373463873904000e+15 5.143681407922740660e-09
5.066461008921269000e+15 5.331147480286503190e-09
5.148867450137487000e+15 5.525445746600491656e-09
5.232614239486667000e+15 5.726825195746024642e-09
5.317723177850967000e+15 5.935543890031937152e-09
5.404216420705904000e+15 6.151869295807099188e-09
5.492116483887789000e+15 6.376078626114956898e-09
5.581446249454955000e+15 6.608459195834000282e-09
5.672228971644549000e+15 6.849308789753374430e-09
5.764488282925873000e+15 7.098936044060503102e-09
5.858248200152548000e+15 7.357660841723194258e-09
5.953533130814370000e+15 7.625814722278254023e-09
6.050367879391212000e+15 7.903741306546359735e-09
6.148777653810029000e+15 8.191796736818622560e-09
6.248788072006888000e+15 8.490350133080718913e-09
6.350425168595949000e+15 8.799784065852836238e-09
6.453715401646702000e+15 9.120495046257809849e-09
6.558685659571422000e+15 9.452894033937091008e-09
6.665363268124920000e+15 9.797406963472454255e-09
6.773775997517745000e+15 1.015447528997907293e-08
6.883952069645510000e+15 1.052455655457626262e-08
6.995920165435374000e+15 1.090812497045304659e-08
7.109709432312424000e+15 1.130567203028083573e-08
7.225349491787221000e+15 1.171770713575394102e-08
7.342870447166758000e+15 1.214475825005564321e-08
7.462302891391093000e+15 1.258737257409452646e-08
7.583677914997191000e+15 1.304611724736589295e-08
7.707027114212288000e+15 1.352158007434586886e-08
7.832382599179204000e+15 1.401437027733624172e-08
7.959777002314978000e+15 1.452511927673463141e-08
8.089243486805955000e+15 1.505448149971888429e-08
8.220815755240541000e+15 1.560313521838369297e-08
8.354528058382854000e+15 1.617178341840631836e-08
8.490415204088755000e+15 1.676115469934158906e-08
8.628512566366887000e+15 1.737200420771163908e-08
8.768856094587409000e+15 1.800511460406916768e-08
8.911482322840202000e+15 1.866129706528634772e-08
9.056428379445312000e+15 1.934139232333555778e-08
9.203731996618230000e+15 2.004627174190674518e-08
9.353431520292376000e+15 2.077683843222142726e-08
9.505565920101210000e+15 2.153402840948702568e-08
9.660174799522646000e+15 2.231881179145665937e-08
9.817298406188820000e+15 2.313219404063207841e-08
9.976977642363212000e+15 2.397521725170469207e-08
1.013925407558818400e+16 2.484896148586508045e-08
1.030416994950585400e+16 2.575454615370651502e-08
1.047176819485520200e+16 2.669313144846964233e-08
1.064209244064726800e+16 2.766591983148198320e-08
1.081518702552284800e+16 2.867415757166883884e-08
1.099109700929496200e+16 2.971913634112648210e-08
1.116986818467824800e+16 3.080219486877296347e-08
1.135154708921003600e+16 3.192472065421436689e-08
1.153618101736476200e+16 3.308815174399655418e-08
1.172381803286599800e+16 3.429397857251996721e-08
1.191450698119779600e+16 3.554374586997989561e-08
1.210829750232037000e+16 3.683905463974635672e-08
1.230524004359261600e+16 3.818156420773963857e-08
1.250538587290394000e+16 3.957299434638844383e-08
1.270878709202054400e+16 4.101512747591637800e-08
1.291549665014882800e+16 4.250981094573499053e-08
1.312556835771845400e+16 4.405895939889140720e-08
1.333905690039053200e+16 4.566455722256241339e-08
1.355601785329366200e+16 4.732866108773545525e-08
1.377650769549055000e+16 4.905340258133294418e-08
1.400058382468101800e+16 5.084099093410885594e-08
1.422830457214349000e+16 5.269371584784180452e-08
1.445972921792019600e+16 5.461395042538963983e-08
1.469491800624820200e+16 5.660415420739269314e-08
1.493393216124247200e+16 5.866687631945395504e-08
1.517683390283403800e+16 6.080475873386116946e-08
1.542368646296630600e+16 6.302053964997483582e-08
1.567455410205601400e+16 6.531705699761056982e-08
1.592950212572119600e+16 6.769725206790560061e-08
1.618859690178199200e+16 7.016417327625694798e-08
1.645190587753667400e+16 7.272098006218927817e-08
1.671949759731985000e+16 7.537094693106659267e-08
1.699144172034626000e+16 7.811746764286646552e-08
1.726780903884359400e+16 8.096405955329433401e-08
1.754867149648144800e+16 8.391436811283864985e-08
1.783410220710006200e+16 8.697217152945197706e-08
1.812417547374239600e+16 9.014138560082460325e-08
1.841896680799703200e+16 9.342606872242001516e-08
1.871855294965575600e+16 9.683042707764861007e-08
1.902301188668945600e+16 1.003588200167828737e-07
1.933242287555051200e+16 1.040157656314764470e-07
1.964686646180440400e+16 1.078059465320228321e-07
1.996642450109793200e+16 1.117342158346439246e-07
2.029118018046682400e+16 1.158056033665263241e-07
2.062121803999136000e+16 1.200253220964130962e-07
2.095662399480430800e+16 1.243987747990422857e-07
2.129748535745523200e+16 1.289315609618151212e-07
2.164389086064029200e+16 1.336294839425926799e-07
2.199593068030070400e+16 1.384985583876490617e-07
2.235369645909796400e+16 1.435450179192559673e-07
2.271728133026912000e+16 1.487753231027250465e-07
2.308677994187162800e+16 1.541961697029485309e-07
2.346228848142262400e+16 1.598144972410690250e-07
2.384390470093725200e+16 1.656374978620299492e-07
2.423172794237590800e+16 1.716726255244274999e-07
2.462585916350544000e+16 1.779276055242061123e-07
2.502640096417922000e+16 1.844104443644531748e-07
2.543345761304638000e+16 1.911294399837228839e-07
2.584713507469558400e+16 1.980931923559386837e-07
2.626754103723838400e+16 2.053106144753982812e-07
2.669478494034329200e+16 2.127909437407108780e-07
2.712897800372458800e+16 2.205437537522972852e-07
2.757023325609582400e+16 2.285789665382586079e-07
2.801866556459201200e+16 2.369068652243295078e-07
2.847439166467236000e+16 2.455381071638082600e-07
2.893753019050947200e+16 2.544837375443307315e-07
2.940820170587066800e+16 2.637552034885960170e-07
2.988652873550394800e+16 2.733643686670010939e-07
3.037263579703305200e+16 2.833235284408018335e-07
3.086664943337274400e+16 2.936454255548226342e-07
3.136869824566886000e+16 3.043432663998548461e-07
3.187891292677636000e+16 3.154307378651073990e-07
3.239742629528195600e+16 3.269220248023412144e-07
3.292437333007775600e+16 3.388318281235410103e-07
3.345989120549961200e+16 3.511753835553446376e-07
3.400411932703702800e+16 3.639684810736914345e-07
3.455719936762142800e+16 3.772274850436042298e-07
3.511927530450713200e+16 3.909693550892938452e-07
3.569049345675222400e+16 4.052116677213144896e-07
3.627100252330648000e+16 4.199726387478831434e-07
3.686095362172168800e+16 4.352711464988101131e-07
3.746050032748981600e+16 4.511267558915424887e-07
3.806979871402284000e+16 4.675597433694468203e-07
3.868900739327983200e+16 4.845911227442361492e-07
3.931828755705786400e+16 5.022426719747922275e-07
3.995780301895265600e+16 5.205369609166284150e-07
4.060772025700369600e+16 5.394973800766125473e-07
4.126820845702968800e+16 5.591481704096768087e-07
4.193943955667177600e+16 5.795144541947744217e-07
4.262158829015324800e+16 6.006222670291662087e-07
4.331483223376412000e+16 6.224985909815708327e-07
4.401935185208860800e+16 6.451713889455594543e-07
4.473533054498463200e+16 6.686696402370210300e-07
4.546295469532408800e+16 6.930233774799929932e-07
4.620241371751294400e+16 7.182637248278871274e-07
4.695390010680053600e+16 7.444229375676407224e-07
4.771760948938750400e+16 7.715344431572303296e-07
4.849374067335213600e+16 7.996328837476883671e-07
4.928249570040503200e+16 8.287541602432824296e-07
5.008407989848212800e+16 8.589354779554805786e-07
5.089870193519695200e+16 8.902153939074965981e-07
5.172657387216003200e+16 9.226338658495600585e-07
5.256791122018419200e+16 9.562323030456667455e-07
5.342293299538363200e+16 9.910536188963501888e-07
5.429186177618964800e+16 1.027142285462651780e-06
5.517492376129117600e+16 1.064544389960471320e-06
5.607234882852038400e+16 1.103307693295434656e-06
5.698437059469159200e+16 1.143481690711832945e-06
5.791122647641746400e+16 1.185117674631908224e-06
5.885315775191450400e+16 1.228268799763332285e-06
5.981040962380956000e+16 1.272990150557289850e-06
6.078323128297211200e+16 1.319338811100452055e-06
6.177187597338488000e+16 1.367373937529239985e-06
6.277660105806512800e+16 1.417156833055681159e-06
6.379766808606256000e+16 1.468751025699654858e-06
6.483534286054713600e+16 1.522222348823277460e-06
6.588989550799956800e+16 1.577639024569070447e-06
6.696160054853242400e+16 1.635071750304548616e-06
6.805073696735192800e+16 1.694593788182183194e-06
6.915758828738524800e+16 1.756281057925092139e-06
7.028244264308367200e+16 1.820212232954240493e-06
7.142559285543104800e+16 1.886468839977139115e-06
7.258733650817246400e+16 1.955135362160463066e-06
7.376797602527745600e+16 2.026299346016208335e-06
7.496781874966907200e+16 2.100051512132258153e-06
7.618717702322984000e+16 2.176485869886347690e-06
7.742636826811278400e+16 2.255699836283645178e-06
7.868571506936875200e+16 2.337794359066848113e-06
7.996554525892329600e+16 2.422874044249536325e-06
8.126619200091945600e+16 2.511047288230901802e-06
8.258799387844289600e+16 2.602426414655701498e-06
8.393129498166339200e+16 2.697127816186554007e-06
8.529644499741016000e+16 2.795272101365461326e-06
8.668379930019792000e+16 2.896984246743153874e-06
8.809371904473955200e+16 3.002393754465819674e-06
8.952657125996382400e+16 3.111634815510472208e-06
9.098272894455568000e+16 3.224846478771971704e-06
9.246257116405771200e+16 3.342172826207107871e-06
9.396648314954672000e+16 3.463763154251293229e-06
9.549485639791966400e+16 3.589772161731038184e-06
9.704808877380326400e+16 3.720360144499739105e-06
9.862658461312790400e+16 3.855693197037760710e-06
1.002307548283864320e+17 3.995943421259749431e-06
1.018610170155977280e+17 4.141289142787191187e-06
1.035177955630180480e+17 4.291915134946363222e-06
1.052015217616156960e+17 4.448012850767696710e-06
1.069126339173477120e+17 4.609780663265858389e-06
1.086515774652541760e+17 4.777424114293500524e-06
1.104188050854157920e+17 4.951156172270981897e-06
1.122147768207980160e+17 5.131197499103856856e-06
1.140399601970035360e+17 5.317776726610533511e-06
1.158948303439807040e+17 5.511130742794421589e-06
1.177798701197118080e+17 5.711504988307897494e-06
1.196955702359045280e+17 5.919153763461566992e-06
1.216424293857363040e+17 6.134340546153172554e-06
1.236209543736766560e+17 6.357338321093241903e-06
1.256316602474121440e+17 6.588429920727898190e-06
1.276750704319259200e+17 6.827908378262018623e-06
1.297517168657584160e+17 7.076077293210744767e-06
1.318621401394748480e+17 7.333251209911675208e-06
1.340068896363953440e+17 7.599756009451037045e-06
1.361865236756088320e+17 7.875929315472989114e-06
1.384016096573130240e+17 8.162120914349421010e-06
1.406527242105239200e+17 8.458693190215778334e-06
1.429404533431766880e+17 8.766021575381537128e-06
1.452653925946778240e+17 9.084495016655546470e-06
1.476281471909391040e+17 9.414516458129614266e-06
1.500293322019222720e+17 9.756503340996965760e-06
1.524695727017569920e+17 1.011088812098767106e-05
1.549495039314631680e+17 1.047811880403113579e-05
1.574697714643089920e+17 1.085865950077659278e-05
1.600310313738695040e+17 1.125299100061315450e-05
1.626339504048190720e+17 1.166161136586867709e-05
1.652792061464897280e+17 1.208503654687014141e-05
1.679674872092646400e+17 1.252380101859044840e-05
1.706994934038404480e+17 1.297845843960993490e-05
1.734759359233932480e+17 1.344958233416551407e-05
1.762975375287196800e+17 1.393776679806664607e-05
1.791650327363896000e+17 1.444362722929435376e-05
1.820791680099462400e+17 1.496780108412719405e-05
1.850407019542305920e+17 1.551094865965092155e-05
1.880504055128591040e+17 1.607375390355906750e-05
1.911090621689136000e+17 1.665692525215466593e-05
1.942174681489028480e+17 1.726119649751991508e-05
1.973764326300263360e+17 1.788732768482312362e-05
2.005867779508229760e+17 1.853610604079252740e-05
2.038493398252464320e+17 1.920834693438889460e-05
2.071649675602075200e+17 1.990489487077270583e-05
2.105345242766699520e+17 2.062662451966400915e-05
2.139588871343421440e+17 2.137444177926038630e-05
2.174389475600084480e+17 2.214928487688481870e-05
2.209756114795894080e+17 2.295212550759035010e-05
2.245697995539771840e+17 2.378397001198833774e-05
2.282224474186900800e+17 2.464586059458324889e-05
2.319345059274417920e+17 2.553887658397258593e-05
2.357069413996722880e+17 2.646413573627053010e-05
2.395407358720879360e+17 2.742279558319901718e-05
2.434368873543118080e+17 2.841605482628809196e-05
2.473964100886806720e+17 2.944515477871745789e-05
2.514203348142796480e+17 3.051138085633491325e-05
2.555097090352512320e+17 3.161606411945864077e-05
2.596655972934883200e+17 3.276058286712114350e-05
2.638890814457507520e+17 3.394636428542950911e-05
2.681812609453018240e+17 3.517488615181539157e-05
2.725432531281039040e+17 3.644767859694323037e-05
2.769761935036885120e+17 3.776632592615561585e-05
2.814812360507581120e+17 3.913246850232707968e-05
2.860595535175750720e+17 4.054780469211402550e-05
2.907123377272569600e+17 4.201409287758698378e-05
2.954407998880380160e+17 4.353315353532382314e-05
3.002461709085555200e+17 4.510687138510177516e-05
3.051297017182858240e+17 4.673719761034460853e-05
3.100926635931923200e+17 4.842615215260582238e-05
3.151363484866482560e+17 5.017582608235551529e-05
3.202620693657637120e+17 5.198838404847861756e-05
3.254711605531841280e+17 5.386606680887359407e-05
3.307649780744242560e+17 5.581119384468947753e-05
3.361449000108775680e+17 5.782616606072570872e-05
3.416123268585518080e+17 5.991346857463552081e-05
3.471686818926559360e+17 6.207567359764174007e-05
3.528154115380890240e+17 6.431544340948688583e-05
3.585539857459831680e+17 6.663553343049740698e-05
3.643858983763540480e+17 6.903879539360740830e-05
3.703126675869930880e+17 7.152818061936711588e-05
3.763358362286547840e+17 7.410674339691783398e-05
3.824569722466991360e+17 7.677764447410475267e-05
3.886776690892667520e+17 7.954415465984787214e-05
3.949995461220654720e+17 8.240965854209077602e-05
4.014242490499309440e+17 8.537765832458678544e-05
4.079534503452448640e+17 8.845177778598940657e-05
4.145888496832919680e+17 9.163576636466356877e-05
4.213321743847271680e+17 9.493350337278180545e-05
4.281851798652407040e+17 9.834900234334893385e-05
4.351496500925054080e+17 1.018864155137774990e-04
4.422273980505879040e+17 1.055500384498539413e-04
4.494202662119132800e+17 1.093443148138356332e-04
4.567301270168746880e+17 1.132738412806667642e-04
4.641588833612791680e+17 1.173433726061840436e-04
4.717084690917002880e+17 1.215578268514355616e-04
4.793808495089107200e+17 1.259222907671326121e-04
4.871780218794640640e+17 1.304420253424205540e-04
4.951020159556371840e+17 1.351224715222223342e-04
5.031548945038046080e+17 1.399692560973431893e-04
5.113387538414331520e+17 1.449881977717752766e-04
5.196557243827678720e+17 1.501853134114668361e-04
5.281079711934320000e+17 1.555668244791027686e-04
5.366976945540476160e+17 1.611391636592454202e-04
5.454271305329847680e+17 1.669089816784676363e-04
5.542985515684652160e+17 1.728831543249201438e-04
5.633142670601351680e+17 1.790687896719432603e-04
5.724766239702190080e+17 1.854732355103651882e-04
5.817880074344911360e+17 1.921040869939768169e-04
5.912508413831869440e+17 1.989691945029488612e-04
6.008675891719692800e+17 2.060766717296481660e-04
6.106407542232011520e+17 2.134349039916251306e-04
6.205728806776487680e+17 2.210525567761925712e-04
6.306665540567406080e+17 2.289385845213270205e-04
6.409244019356469760e+17 2.371022396372763524e-04
6.513490946272783360e+17 2.455530817734031244e-04
6.619433458774388480e+17 2.543009873346978875e-04
6.727099135712350720e+17 2.633561592522667733e-04
6.836516004510266880e+17 2.727291370120096857e-04
6.947712548460225280e+17 2.824308069456332162e-04
7.060717714137780480e+17 2.924724127880949935e-04
7.175560918936951040e+17 3.028655665051581945e-04
7.292272058728298240e+17 3.136222593949964223e-04
7.410881515641569280e+17 3.247548734671191779e-04
7.531420165974391040e+17 3.362761931022000190e-04
7.653919388230124800e+17 3.481994169956240570e-04
7.778411071286481920e+17 3.605381703878652580e-04
7.904927622696436480e+17 3.733065175840311967e-04
8.033501977124701440e+17 3.865189747649067325e-04
8.164167604921455360e+17 4.001905230915200526e-04
8.296958520834914560e+17 4.143366221045168929e-04
8.431909292866216960e+17 4.289732234198020012e-04
8.569055051268330240e+17 4.441167847208100754e-04
8.708431497690723840e+17 4.597842840479752732e-04
8.850074914473456640e+17 4.759932343847374974e-04
8.994022174092089600e+17 4.927616985395962641e-04
9.140310748756222720e+17 5.101083043224423569e-04
9.288978720164517120e+17 5.280522600131587821e-04
9.440064789417642240e+17 5.466133701198241587e-04
9.593608287093127680e+17 5.658120514225702591e-04
9.749649183484096000e+17 5.856693492991538706e-04
9.908228099003828480e+17 6.062069543264920471e-04
1.006938631476025088e+18 6.274472191524498206e-04
1.023316578330244864e+18 6.494131756301627003e-04
1.039960913954122496e+18 6.721285522071303092e-04
1.056875971184800768e+18 6.956177915592450618e-04
1.074066153333432320e+18 7.199060684592756580e-04
1.091535935331393280e+18 7.450193078680746516e-04
1.109289864895218176e+18 7.709842032347167650e-04
1.127332563710484864e+18 7.978282349913875604e-04
1.145668728634872704e+18 8.255796892260412615e-04
1.164303132920870912e+18 8.542676765154854756e-04
1.183240627458375680e+18 8.839221508984671004e-04
1.202486142037412352e+18 9.145739289678435271e-04
1.222044686631491072e+18 9.462547090575270997e-04
1.241921352701789696e+18 9.789970904993082479e-04
1.262121314522546176e+18 1.012834592920897493e-03
1.282649830528062464e+18 1.047801675555790893e-03
1.303512244681514240e+18 1.083933756531682167e-03
1.324713987866114816e+18 1.121267232102450551e-03
1.346260579298910976e+18 1.159839495786081425e-03
1.368157627967476224e+18 1.199688957367001834e-03
1.390410834090066944e+18 1.240855061719931375e-03
1.413025990599533568e+18 1.283378307407310711e-03
1.436008984651263488e+18 1.327300265001008775e-03
1.459365799155751680e+18 1.372663595073518985e-03
1.483102514336102912e+18 1.419512065802240987e-03
1.507225309310758656e+18 1.467890570124776072e-03
1.531740463702073600e+18 1.517845142380318561e-03
1.556654359271058944e+18 1.569422974368128720e-03
1.581973481578601472e+18 1.622672430748364411e-03
1.607704421673815552e+18 1.677643063708158470e-03
1.633853877809857024e+18 1.734385626808581781e-03
1.660428657187529472e+18 1.792952087925834366e-03
1.687435677727379200e+18 1.853395641192147206e-03
1.714881969870547968e+18 1.915770717839297135e-03
1.742774678408917248e+18 1.980132995839581269e-03
1.771121064345090560e+18 2.046539408234941074e-03
1.799928506782483712e+18 2.115048150039034597e-03
1.829204504846290176e+18 2.185718683589139410e-03
1.858956679635688192e+18 2.258611742221241277e-03
1.889192776207672064e+18 2.333789332131820486e-03
1.919920665593278976e+18 2.411314732286563324e-03
1.951148346846616320e+18 2.491252492225633306e-03
1.982883949127075328e+18 2.573668427611664269e-03
2.015135733815550208e+18 2.658629613356005335e-03
2.047912096665083392e+18 2.746204374153227851e-03
2.081221569986341376e+18 2.836462272246427323e-03
2.115072824868786176e+18 2.929474092235566894e-03
2.149474673437976064e+18 3.025311822736984155e-03
2.184436071149428480e+18 3.124048634689615463e-03
2.219966119119943424e+18 3.225758856099943117e-03
2.256074066496854528e+18 3.330517943004525014e-03
2.292769312865648640e+18 3.438402446425509098e-03
2.330061410696929280e+18 3.549489975081040506e-03
2.367960067833088512e+18 3.663859153609177674e-03
2.406475150015421952e+18 3.781589576050190752e-03
2.445616683452449280e+18 3.902761754329027010e-03
2.485394857429808640e+18 4.027457061466600818e-03
2.525820026962779648e+18 4.155757669243296572e-03
2.566902715491952128e+18 4.287746480030364682e-03
2.608653617622556160e+18 4.423507052493354415e-03
2.651083601908530688e+18 4.563123520870014313e-03
2.694203713681882112e+18 4.706680507511240910e-03
2.738025177927863296e+18 4.854263028373612641e-03
2.782559402207114240e+18 5.005956391138808616e-03
2.827817979625338368e+18 5.161846085636229327e-03
2.873812691851069440e+18 5.322017666233738384e-03
2.920555512182733312e+18 5.486556625860678459e-03
2.968058608665596416e+18 5.655548261323937141e-03
3.016334347259197440e+18 5.829077529570432861e-03
3.065395295056536064e+18 6.007228894554631632e-03
3.115254223555478528e+18 6.190086164360849609e-03
3.165924111983520768e+18 6.377732318239022480e-03
3.217418150676378112e+18 6.570249323205620481e-03
3.269749744511781376e+18 6.767717939873623724e-03
3.322932516398968320e+18 6.970217517172223355e-03
3.376980310825094656e+18 7.177825775628659047e-03
3.431907197459056640e+18 7.390618578893399203e-03
3.487727474814170624e+18 7.608669693194859349e-03
3.544455673970435584e+18 7.832050534431795816e-03
3.602106562357081088e+18 8.060829902616513040e-03
3.660695147596891136e+18 8.295073703410656141e-03
3.720236681413065728e+18 8.534844656505122598e-03
3.780746663599356928e+18 8.780201990630452299e-03
3.842240846055045120e+18 9.031201125000831720e-03
3.904735236885556224e+18 9.287893337031762064e-03
3.968246104569485824e+18 9.550325416203949910e-03
4.032789982193688576e+18 9.818539303982463592e-03
4.098383671757253120e+18 1.009257171974173653e-02
4.165044248545185280e+18 1.037245377269463073e-02
4.232789065573561856e+18 1.065821055987605653e-02
4.301635758106781696e+18 1.094986075027915701e-02
4.371602248248502272e+18 1.124741615531442245e-02
4.442706749606892032e+18 1.155088128581337366e-02
4.514967772036120576e+18 1.186025289588377336e-02
4.588404126454752256e+18 1.217551951398447574e-02
4.663034929742736384e+18 1.249666096168494320e-02
4.738879609717670912e+18 1.282364786064883050e-02
4.815957910192340992e+18 1.315644112848313521e-02
4.894289896114531328e+18 1.349499146419499973e-02
4.973895958790077440e+18 1.383923882409507367e-02
5.054796821191225344e+18 1.418911188911400195e-02
5.137013543351339008e+18 1.454452752460092153e-02
5.220567527846985728e+18 1.490539023381566228e-02
5.305480525369552896e+18 1.527159160644091067e-02
5.391774640387493888e+18 1.564300976359650139e-02
5.479472336900292608e+18 1.601950880096680158e-02
5.568596444286386176e+18 1.640093823181295110e-02
5.659170163246230528e+18 1.678713243179818376e-02
5.751217071841613824e+18 1.717791008770644043e-02
5.844761131633649664e+18 1.757307365231819060e-02
5.939826693920337920e+18 1.797240880786071457e-02
6.036438506075864064e+18 1.837568394064528765e-02
6.134621717992518656e+18 1.878264962966419774e-02
6.234401888627889152e+18 1.919303815212238667e-02
6.335804992658241536e+18 1.960656300904526153e-02
6.438857427240425472e+18 2.002291847430121355e-02
6.543586018883256320e+18 2.044177917056240815e-02
6.650018030431105024e+18 2.086279967590070131e-02
6.758181168161110016e+18 2.128561416491520433e-02
6.868103588995321856e+18 2.170983608844509125e-02
6.979813907830638592e+18 2.213505789611423802e-02
7.093341204987990016e+18 2.256085080609805671e-02
7.208715033782150144e+18 2.298676462667921874e-02
7.325965428215199744e+18 2.341232763428191532e-02
7.445122910795127808e+18 2.383704651282634798e-02
7.566218500481062912e+18 2.426040635933855369e-02
7.689283720758274048e+18 2.468187076086815132e-02
7.814350607844526080e+18 2.510088194782377283e-02
7.941451719029340160e+18 2.551686102889922508e-02
8.070620141149523968e+18 2.592920831278909197e-02
8.201889499202244608e+18 2.633730372187660651e-02
8.335293965098186752e+18 2.674050730305797818e-02
8.470868266557419520e+18 2.713815984077456306e-02
8.608647696149279744e+18 2.752958357723258101e-02
8.748668120479896576e+18 2.791408304461581377e-02
8.890965989529166848e+18 2.829094601391629604e-02
9.035578346138957824e+18 2.865944456474194685e-02
9.182542835656262656e+18 2.901883628016937999e-02
9.331897715733239808e+18 2.936836557035360507e-02
9.483681866285946880e+18 2.970726512818109774e-02
9.637934799615756288e+18 3.003475751979239189e-02
9.794696670695385088e+18 3.035005691224297933e-02
9.954008287621539840e+18 3.065237093998227774e-02
1.011591112223825510e+19 3.094090271113956667e-02
1.028044732093307699e+19 3.121485295387798134e-02
1.044765971560805171e+19 3.147342230224924042e-02
1.061759183482994688e+19 3.171581372010541522e-02
1.079028791516181299e+19 3.194123506066656737e-02
1.096579291267809894e+19 3.214890175830972807e-02
1.114415251466790502e+19 3.233803964806133274e-02
1.132541315152817357e+19 3.250788790710189280e-02
1.150962200885031117e+19 3.265770211138063761e-02
1.169682703970387149e+19 3.278675739914575088e-02
1.188707697711908250e+19 3.289435173187217620e-02
1.208042134677326438e+19 3.297980924168230493e-02
1.227691047988360397e+19 3.304248365294311374e-02
1.247659552630873498e+19 3.308176176427723297e-02
1.267952846786431386e+19 3.309706697576098033e-02
1.288576213185517978e+19 3.308786284461680965e-02
1.309535020482670387e+19 3.305365665124378877e-02
1.330834724654070579e+19 3.299400295599216187e-02
1.352480870417873920e+19 3.290850712568677700e-02
1.374479092677539430e+19 3.279682880755687563e-02
1.396835117988733952e+19 3.265868532696063892e-02
1.419554766050098586e+19 3.249385498411011541e-02
1.442643951218158797e+19 3.230218022394280852e-02
1.466108684046977024e+19 3.208357065235115102e-02
1.489955072852850688e+19 3.183800587121619202e-02
1.514189325304351949e+19 3.156553810409715860e-02
1.538817750038349414e+19 3.126629458403998307e-02
1.563846758302254285e+19 3.094047967481340991e-02
1.589282865622976307e+19 3.058837669695703074e-02
1.615132693503092941e+19 3.021034943039594897e-02
1.641402971144473190e+19 2.980684326600881173e-02
1.668100537200055706e+19 2.937838597950878650e-02
1.695232341554121318e+19 2.892558810226135424e-02
1.722805447131399168e+19 2.844914286530171588e-02
1.750827031735719731e+19 2.794982569477795151e-02
1.779304389918577254e+19 2.742849323937757156e-02
1.808244934877955482e+19 2.688608191300480982e-02
1.837656200388164813e+19 2.632360593901234003e-02
1.867545842761074278e+19 2.574215488573201524e-02
1.897921642839103488e+19 2.514289068678299266e-02
1.928791508020769997e+19 2.452704414375408981e-02
1.960163474319181824e+19 2.389591091322566460e-02
1.992045708453871206e+19 2.325084698479537929e-02
2.024446509976793498e+19 2.259326366167180994e-02
2.057374313432907366e+19 2.192462206051745688e-02
2.090837690555749990e+19 2.124642715249022706e-02
2.124845352498887066e+19 2.056022137279381323e-02
2.159406152103576371e+19 1.986757783143417930e-02
2.194529086203311309e+19 1.917009316323409554e-02
2.230223297965940736e+19 1.846938006042807279e-02
2.266498079273702195e+19 1.776705953619666517e-02
2.303362873142126592e+19 1.706475297233309846e-02
2.340827276178294374e+19 1.636407400866995640e-02
2.378901041078900736e+19 1.566662033592327447e-02
2.417594079169123533e+19 1.497396545712489056e-02
2.456916462982789939e+19 1.428765048572605556e-02
2.496878428884331725e+19 1.360917605068945498e-02
2.537490379733561344e+19 1.293999438037129156e-02
2.578762887593798451e+19 1.228150163768755056e-02
2.620706696483855155e+19 1.163503057883097901e-02
2.663332725174969958e+19 1.100184360671562292e-02
2.706652070033235968e+19 1.038312628823436293e-02
2.750676007908067328e+19 9.779981401372376398e-03
2.795415999067865088e+19 9.193423574196491616e-03
2.840883690183295386e+19 8.624374572745561671e-03
2.887090917359234662e+19 8.073659288911383056e-03
2.934049709215793152e+19 7.542002472573989397e-03
2.981772290019685581e+19 7.030026244624938345e-03
3.030271082866393088e+19 6.538248419105285175e-03
3.079558712914229658e+19 6.067081653694169317e-03
3.129648010670763213e+19 5.616833438228910520e-03
3.180552015332913152e+19 5.187706921057277584e-03
3.232283978181380506e+19 4.779802562868503205e-03
3.284857366030053786e+19 4.393120597476820113e-03
3.338285864731750810e+19 4.027564268931516783e-03
3.392583382740992000e+19 3.682943804525139805e-03
3.447764054734471168e+19 3.358981073936979402e-03
3.503842245290661478e+19 3.055314876022287209e-03
3.560832552629274214e+19 2.771506786867201574e-03
3.618749812411284275e+19 2.507047495763257798e-03
3.677609101601015808e+19 2.261363549924147627e-03
3.737425742391056794e+19 2.033824424130889312e-03
3.798215306190736589e+19 1.823749828208872086e-03
3.859993617679779430e+19 1.630417163338909129e-03
3.922776758927707341e+19 1.453069037762537430e-03
3.986581073580439142e+19 1.290920753464069219e-03
4.051423171114655744e+19 1.143167677882710089e-03
4.117319931161695846e+19 1.008992418580633918e-03
4.184288507901575987e+19 8.875717239891837930e-04
4.252346334528686490e+19 7.780830397688216424e-04
4.321511127789779354e+19 6.797106577972507335e-04
4.391800892596077363e+19 5.916514032023894492e-04
4.463233926710397338e+19 5.131198139773343516e-04
4.535828825510200115e+19 4.433527773669368195e-04
4.609604486828419482e+19 3.816135971831675477e-04
4.684580115873044890e+19 3.271954762718480374e-04
4.760775230226377933e+19 2.794244083011081605e-04
4.838209664925937664e+19 2.376614826626273816e-04
4.916903577628021555e+19 2.013046153740245467e-04
4.996877453854888755e+19 1.697897272604667162e-04
5.078152112327649690e+19 1.425913982262038207e-04
5.160748710385896653e+19 1.192230329648948995e-04
5.244688749495119053e+19 9.923657890629319271e-05
5.329994080844104499e+19 8.222184148637112766e-05
5.416686911033135104e+19 6.780544492381169314e-05
5.504789807854968013e+19 5.564948858705622513e-05
5.594325706169389056e+19 4.544994977382239279e-05
5.685317913873776640e+19 3.693488336019169879e-05
5.777790117970495078e+19 2.986246739527742569e-05
5.871766390733261210e+19 2.401894143222363709e-05
5.967271195973334630e+19 1.921648132281431498e-05
6.064329395408048947e+19 1.529105050422563183e-05
6.162966255132942336e+19 1.210026361939538086e-05
6.263207452198705562e+19 9.521293789275045178e-06
6.365079081295551693e+19 7.448850142870339627e-06
6.468607661546320691e+19 5.793247450569542240e-06
6.573820143409598464e+19 4.478585026394143369e-06
6.680743915695587328e+19 3.441047579357760960e-06
6.789406812696098406e+19 2.627336499432190275e-06
6.899837121430025011e+19 1.993236236793461056e-06
7.012063589007148646e+19 1.502317031175985334e-06
7.126115430111730893e+19 1.124772308396921267e-06
7.242022334607314944e+19 8.363866016728912771e-07
7.359814475265785856e+19 6.176278766683506359e-07
7.479522515621797888e+19 4.528566264743727385e-07
7.601177617955322266e+19 3.296430279734788208e-07
7.724811451403416371e+19 2.381827761199287124e-07
7.850456200204541952e+19 1.708018919060065820e-07
7.978144572076611994e+19 1.215407828361970595e-07
8.107909806731694899e+19 8.580806913101476352e-08
8.239785684528544154e+19 6.009512238077810507e-08
8.373806535266472755e+19 4.174284592944772987e-08
8.510007247122246861e+19 2.875291161209537677e-08
8.648423275731743539e+19 1.963641428641852747e-08
8.789090653419927962e+19 1.329367827899842504e-08
8.932045998580958822e+19 8.919718891764544685e-09
9.077326525210242253e+19 5.930604088341644314e-09
9.224970052592137011e+19 3.906658884725521338e-09
9.375015015145270477e+19 2.549095691794948685e-09
9.527500472427300454e+19 1.647230564762357878e-09
9.682466119303074611e+19 1.053954728787376014e-09
9.839952296278206054e+19 6.675728835263179035e-10
1.000000000000000000e+20 4.184971933537159532e-10
