1.000000000000000000e+05 0.000000000000000000e+00
1.039255682936713129e+05 0.000000000000000000e+00
1.080052374516253913e+05 0.000000000000000000e+00
1.122450568085305858e+05 0.000000000000000000e+00
1.166513131698196230e+05 0.000000000000000000e+00
1.212305401337652875e+05 0.000000000000000000e+00
1.259895277795028524e+05 0.000000000000000000e+00
1.309353327353609493e+05 0.000000000000000000e+00
1.360752886424333265e+05 0.000000000000000000e+00
1.414170170289023954e+05 0.000000000000000000e+00
1.469684386112447537e+05 0.000000000000000000e+00
1.527377850390712556e+05 0.000000000000000000e+00
1.587336111010208551e+05 0.000000000000000000e+00
1.649648074098020734e+05 0.000000000000000000e+00
1.714406135851971922e+05 0.000000000000000000e+00
1.781706319545728911e+05 0.000000000000000000e+00
1.851648417912154109e+05 0.000000000000000000e+00
1.924336141115979990e+05 0.000000000000000000e+00
1.999877270535287098e+05 0.000000000000000000e+00
2.078383818579755316e+05 0.000000000000000000e+00
2.159972194782717270e+05 0.000000000000000000e+00
2.244763378413223836e+05 0.000000000000000000e+00
2.332883097864158335e+05 0.000000000000000000e+00
2.424462017082330713e+05 0.000000000000000000e+00
2.519635929317013652e+05 0.000000000000000000e+00
2.618545958474232757e+05 0.000000000000000000e+00
2.721338768375308719e+05 0.000000000000000000e+00
2.828166780230035074e+05 0.000000000000000000e+00
2.939188398646884016e+05 0.000000000000000000e+00
3.054568246515431674e+05 0.000000000000000000e+00
3.174477409109193250e+05 0.000000000000000000e+00
3.299093687770942342e+05 0.000000000000000000e+00
3.428601863556583412e+05 0.000000000000000000e+00
3.563193971228583832e+05 0.000000000000000000e+00
3.703069584005140932e+05 0.000000000000000000e+00
3.848436109487432986e+05 0.000000000000000000e+00
3.999509097203661222e+05 0.000000000000000000e+00
4.156512558225988178e+05 0.000000000000000000e+00
4.319679297334173461e+05 0.000000000000000000e+00
4.489251258218607400e+05 0.000000000000000000e+00
4.665479882234468241e+05 0.000000000000000000e+00
4.848626481239077984e+05 0.000000000000000000e+00
5.038962625065150205e+05 0.000000000000000000e+00
5.236770544204655453e+05 0.000000000000000000e+00
5.442343548300272087e+05 0.000000000000000000e+00
5.655986461065001786e+05 0.000000000000000000e+00
5.878016072274912149e+05 0.000000000000000000e+00
6.108761607505040010e+05 0.000000000000000000e+00
6.348565216305210488e+05 0.000000000000000000e+00
6.597782479539533379e+05 0.000000000000000000e+00
6.856782936641738052e+05 0.000000000000000000e+00
7.125950633568410994e+05 0.000000000000000000e+00
7.405684692262442550e+05 0.000000000000000000e+00
7.696399902471150272e+05 0.000000000000000000e+00
7.998527336796708405e+05 0.000000000000000000e+00
8.312514989890631987e+05 0.000000000000000000e+00
8.638828442740453174e+05 0.000000000000000000e+00
8.977951553033313248e+05 0.000000000000000000e+00
9.330387172620360507e+05 0.000000000000000000e+00
9.696657893145519774e+05 0.000000000000000000e+00
1.007730682094461750e+06 0.000000000000000000e+00
1.047289838236357435e+06 0.000000000000000000e+00
1.088401916069005383e+06 0.000000000000000000e+00
1.131127876593921334e+06 0.000000000000000000e+00
1.175531073878369993e+06 0.000000000000000000e+00
1.221677348996793153e+06 0.000000000000000000e+00
1.269635127659972757e+06 0.000000000000000000e+00
1.319475521676705917e+06 0.000000000000000000e+00
1.371272434398400830e+06 0.000000000000000000e+00
1.425102670302996412e+06 0.000000000000000000e+00
1.481046048880673945e+06 0.000000000000000000e+00
1.539185522990205325e+06 0.000000000000000000e+00
1.599607301861487795e+06 0.000000000000000000e+00
1.662400978926613461e+06 0.000000000000000000e+00
1.727659664669034770e+06 0.000000000000000000e+00
1.795480124687830452e+06 0.000000000000000000e+00
1.865962923181745922e+06 0.000000000000000000e+00
1.939212572065830929e+06 0.000000000000000000e+00
2.015337685941735283e+06 0.000000000000000000e+00
2.094451143151468830e+06 0.000000000000000000e+00
2.176670253153459169e+06 0.000000000000000000e+00
2.262116930469026323e+06 0.000000000000000000e+00
2.350917875457284506e+06 0.000000000000000000e+00
2.443204762186486740e+06 0.000000000000000000e+00
2.539114433680347167e+06 0.000000000000000000e+00
2.638789104828934651e+06 0.000000000000000000e+00
2.742376573264952283e+06 0.000000000000000000e+00
2.850030438518105075e+06 0.000000000000000000e+00
2.961910329772553407e+06 0.000000000000000000e+00
3.078182142565079965e+06 0.000000000000000000e+00
3.199018284775060602e+06 0.000000000000000000e+00
3.324597932270938065e+06 0.000000000000000000e+00
3.455107294592218008e+06 0.000000000000000000e+00
3.590739891061055008e+06 0.000000000000000000e+00
3.731696837732755579e+06 0.000000000000000000e+00
3.878187145610719454e+06 0.000000000000000000e+00
4.030428030568050686e+06 0.000000000000000000e+00
4.188645235435271170e+06 0.000000000000000000e+00
4.353073364731892012e+06 0.000000000000000000e+00
4.523956232538058423e+06 0.000000000000000000e+00
4.701547224022129551e+06 0.000000000000000000e+00
4.886109671160326339e+06 0.000000000000000000e+00
5.077917243205402978e+06 0.000000000000000000e+00
5.277254352483532391e+06 0.000000000000000000e+00
5.484416576121015474e+06 0.000000000000000000e+00
5.699711094326075166e+06 9.228596139539854971e-297
5.923457145875805989e+06 4.152531806345386812e-277
6.155986501483513974e+06 8.616163750433517009e-259
6.397643955748423934e+06 1.027772325718832558e-241
6.648787838417262770e+06 8.598645615459638961e-226
6.909790545715644956e+06 6.084295380310645091e-211
7.181039092537341639e+06 7.478545010459847441e-197
7.462935686310129240e+06 3.622227846309316610e-184
7.755898323389001191e+06 4.154640167825284018e-172
8.060361408861344680e+06 7.227649514731360211e-161
8.376776400682924315e+06 2.412588550933693732e-150
8.705612479099856690e+06 1.562506780337920555e-140
9.047357242349293083e+06 2.280670060853979188e-131
9.402517429670132697e+06 8.225995366734920559e-123
9.771619672696182504e+06 8.255733560588255814e-115
1.015521127634569071e+07 2.463479006558183840e-107
1.055386103036523052e+07 2.398141300130877303e-100
1.096816005273137987e+07 8.159527033302982649e-94
1.139872266616052575e+07 1.049789849245708351e-87
1.184618730902682431e+07 5.440280879478038586e-82
1.231121748203889653e+07 1.206942957151165822e-76
1.279450273207873479e+07 1.216850794436738522e-71
1.329675967466210015e+07 5.861545243535287514e-67
1.381873305653633550e+07 1.419573473699035036e-62
1.436119685999077372e+07 1.809757510956918900e-58
1.492495545051829144e+07 1.266369916518434710e-54
1.551084476952840574e+07 5.063357166760708893e-51
1.611973357388155349e+07 1.200328449620778807e-47
1.675252472408217192e+07 1.746600620644699992e-44
1.741015652304015309e+07 1.610121737759472031e-41
1.809360410738716647e+07 9.688167977272917408e-39
1.880388089340916649e+07 3.912315222555498266e-36
1.954204007974051312e+07 1.087955758803066099e-33
2.030917620904734731e+07 2.134116338314892846e-31
2.110642679101554677e+07 3.019641773016866124e-29
2.193497398905055597e+07 3.146694402619132204e-27
2.279604637318982184e+07 2.462157879622293535e-25
2.369092074182632193e+07 1.472952229963474324e-23
2.462092401494625583e+07 6.850734812270085393e-22
2.558743520168589056e+07 2.516250035684284100e-20
2.659188744512690976e+07 7.404904604971112272e-19
2.763577014736157283e+07 1.769908221607882995e-17
2.872063117797828093e+07 3.479354465130794627e-16
2.984807916924321279e+07 5.691416799576322805e-15
3.101978590138100088e+07 7.831543363460904720e-14
3.223748878149027005e+07 9.157450513341429500e-13
3.350299341977229714e+07 9.185016479166493356e-12
3.481817630688966811e+07 7.972316291541501216e-11
3.618498759642742574e+07 6.036668418287068383e-10
3.760545399658175558e+07 4.018193809772666337e-09
3.908168177536264062e+07 2.367641169499778102e-08
4.061585988376979530e+07 1.243054639198041806e-07
4.221026320156902820e+07 5.850515104334078988e-07
4.386725591048493981e+07 2.482340365367936427e-06
4.558929499981059134e+07 9.544940668859065486e-06
4.737893390963143855e+07 3.342136026299241593e-05
4.923882631706731766e+07 1.070431522474750690e-04
5.117173007114610076e+07 3.149052453918320523e-04
5.318051128214196861e+07 8.542412169340928094e-04
5.526814857144603133e+07 2.144169430080781341e-03
5.743773748826587200e+07 4.996252645629253690e-03
5.969249509970727563e+07 1.084052235224773099e-02
6.203576476104268432e+07 2.196153942343010562e-02
6.447102107323869318e+07 4.164400089940124838e-02
6.700187503509576619e+07 7.409242919510899972e-02
6.963207939763890207e+07 1.239286713225534187e-01
7.236553422869649529e+07 1.952515804817439304e-01
7.520629269592407346e+07 2.902352541288842902e-01
7.815856707684090734e+07 4.076638150027842022e-01
8.122673500479702652e+07 5.415280410399005984e-01
8.441534596012993157e+07 6.820646347588300573e-01
8.772912801613356173e+07 8.141686785723101227e-01
9.117299484984922409e+07 9.222704740317109184e-01
9.475205302806547284e+07 9.920661940887277597e-01
9.847160957933764160e+07 1.013940973230943898e+00
1.023371798632517159e+08 9.849321586246022608e-01
1.063544957486011237e+08 9.095470755485968173e-01
1.105295141126019806e+08 7.985433831769943591e-01
1.148684256737554818e+08 6.665167681931648547e-01
1.193776641714435816e+08 5.287566136400202454e-01
1.240639159058829248e+08 3.985626093571946194e-01
1.289341296525715739e+08 2.852948697005368017e-01
1.339955269659337103e+08 1.938205928166540915e-01
1.392556128874464631e+08 1.248694726481967832e-01
1.447221870741134286e+08 7.621758947475489043e-02
1.504033553638022244e+08 4.402766083659618440e-02
1.563075417945817411e+08 2.404219521492325859e-02
1.624435010958865285e+08 1.239193415017639417e-02
1.688203316700366139e+08 6.019805965526090971e-03
1.754474890833459795e+08 2.751134294539988451e-03
1.823348000868438482e+08 1.180713403482677292e-03
1.894924771873823702e+08 4.748654436995501248e-04
1.969311337907421887e+08 1.785773102116675190e-04
2.046617999391994178e+08 6.263361508156824675e-05
2.126959386668691933e+08 2.043705569875656515e-05
2.210454629971019328e+08 6.185376885732184603e-06
2.297227536071146429e+08 1.730888709923341972e-06
2.387406771860646904e+08 4.465328326211151965e-07
2.481126055137765408e+08 1.057806457811352485e-07
2.578524352884276509e+08 2.292564915322458770e-08
2.679746087325689495e+08 4.526046426735997951e-09
2.784941350080638528e+08 8.109953686813871918e-10
2.894266124716751575e+08 1.311751019206247398e-10
3.007882518043096066e+08 1.906207928649590319e-11
3.125959000482284427e+08 2.475406735123787563e-12
3.248670655878374577e+08 2.855444707458689487e-13
3.376199441111333370e+08 2.910361661014971397e-14
3.508734455902714729e+08 2.602355715611333212e-15
3.646472223212745190e+08 2.027478548390050339e-16
3.789616980644723773e+08 1.366365869667780575e-17
3.938380983288488984e+08 7.902065584706197475e-19
4.092984818452433944e+08 3.889335693733345632e-20
4.253657732750391960e+08 1.614750115713621991e-21
4.420637972028530240e+08 5.600609445918563239e-23
4.594173134636485577e+08 1.606762617036889202e-24
4.774520538566131592e+08 3.771576877625555319e-26
4.961947603002898097e+08 7.161125091963116618e-28
5.156732244854952693e+08 1.086439291282616590e-29
5.359163290848514438e+08 1.300166004448164812e-31
5.569540905800124407e+08 1.210425984381277850e-33
5.788177037701280117e+08 8.638634331433424923e-36
6.015395880274832249e+08 4.653045438507544758e-38
6.251534353689699173e+08 1.860002308297049987e-40
6.496942604146125317e+08 5.422998329699670841e-43
6.751984523072494268e+08 1.131342139278076385e-45
7.017038286703836918e+08 1.655530262812055328e-48
7.292496916841443777e+08 1.663364307358495085e-51
7.578768863625915051e+08 1.121810388238229283e-54
7.876278611187063456e+08 4.957319743328744041e-58
8.185467307069020271e+08 1.399448678770312744e-61
8.506793416364170313e+08 2.454358340865697099e-65
8.840733401525062323e+08 2.597931846958520329e-69
9.187782428863321543e+08 1.609838891159262555e-73
9.548455102782303095e+08 5.648575825438075120e-78
9.923286228832545280e+08 1.083446546635612550e-82
1.031283160672186852e+09 1.094520737384851333e-87
1.071766885445503354e+09 5.594783316208498180e-93
1.113839826482618332e+09 1.388317508574108971e-98
1.157564369553301096e+09 1.596952004784688600e-104
1.203005349423324108e+09 8.110210374763701050e-111
1.250230145991458654e+09 1.733931196764599953e-117
1.299308784200417042e+09 1.471516716954456056e-124
1.350314037869872093e+09 4.687342920580780448e-132
1.403321537605481863e+09 5.263946667739835441e-140
1.458409882943986416e+09 1.951315592851520082e-148
1.515660758900601149e+09 2.224847371440426124e-157
1.575159057091624498e+09 7.242124204536615459e-167
1.636993001611701965e+09 6.212896927661098200e-177
1.701254279852585793e+09 1.288828518612565875e-187
1.768038178457201481e+09 5.892527723607999741e-199
1.837443724610724926e+09 5.434133580561439301e-211
1.909573832878100634e+09 9.036588029982924338e-224
1.984535457805803299e+09 2.431790310204512180e-237
2.062439752514088392e+09 9.424728731378952547e-252
2.143402233514850140e+09 4.649533565496883034e-267
2.227542951999556541e+09 2.540216730810247428e-283
2.314986671851165771e+09 0.000000000000000000e+00
2.405863054644066811e+09 0.000000000000000000e+00
2.500306851906321526e+09 0.000000000000000000e+00
2.598458104929241657e+09 0.000000000000000000e+00
2.700462352420681953e+09 0.000000000000000000e+00
2.806470846309844494e+09 0.000000000000000000e+00
2.916640776023706913e+09 0.000000000000000000e+00
3.031135501567575932e+09 0.000000000000000000e+00
3.150124795755321503e+09 0.000000000000000000e+00
3.273785095948576927e+09 0.000000000000000000e+00
3.402299765678064346e+09 0.000000000000000000e+00
3.535859366535182953e+09 0.000000000000000000e+00
3.674661940736688137e+09 0.000000000000000000e+00
3.818913304781846523e+09 0.000000000000000000e+00
3.968827354637149811e+09 0.000000000000000000e+00
4.124626382901348114e+09 0.000000000000000000e+00
4.286541408420933723e+09 0.000000000000000000e+00
4.454812518844988823e+09 0.000000000000000000e+00
4.629689226627258301e+09 0.000000000000000000e+00
4.811430839003244400e+09 0.000000000000000000e+00
5.000306842491089821e+09 0.000000000000000000e+00
5.196597302486207962e+09 0.000000000000000000e+00
5.400593278542373657e+09 0.000000000000000000e+00
5.612597255954965591e+09 0.000000000000000000e+00
5.832923594286188126e+09 0.000000000000000000e+00
6.061898993497571945e+09 0.000000000000000000e+00
6.299862978380705833e+09 0.000000000000000000e+00
6.547168402004742622e+09 0.000000000000000000e+00
6.804181968927093506e+09 0.000000000000000000e+00
7.071284778942981720e+09 0.000000000000000000e+00
7.348872892180387497e+09 0.000000000000000000e+00
7.637357916378011703e+09 0.000000000000000000e+00
7.937167617217558861e+09 0.000000000000000000e+00
8.248746552614581108e+09 0.000000000000000000e+00
8.572556731909307480e+09 0.000000000000000000e+00
8.909078300934106827e+09 0.000000000000000000e+00
9.258810253973945618e+09 0.000000000000000000e+00
9.622271173675153732e+09 0.000000000000000000e+00
1.000000000000000000e+10 0.000000000000000000e+00
