5.000000610375431032e-02 2.150549565136217837e-09
5.425272058300580069e-02 2.143988375072746456e-09
5.886714662694198658e-02 2.137436227036329295e-09
6.387404935197622813e-02 2.130893163636882251e-09
6.930681057932290556e-02 2.124357915566452674e-09
7.520165139693818501e-02 2.117831955406373609e-09
8.159787365130644066e-02 2.111315186770408523e-09
8.853812197913586701e-02 2.104806723224616134e-09
9.606866812597189553e-02 2.098307174734272255e-09
1.042397194473246025e-01 2.091817024243416154e-09
1.131057536491376775e-01 2.085335707389218920e-09
1.227258819993664735e-01 2.078862807529313565e-09
1.331642434322548585e-01 2.072399281075075989e-09
1.444904321728677499e-01 2.065945055818702301e-09
1.567799617329195538e-01 2.059498798332418983e-09
1.701147683714334669e-01 2.053061734996871930e-09
1.845837573768844830e-01 2.046633958673001556e-09
2.002833958129761061e-01 2.040214646491237735e-09
2.173183556799818394e-01 2.033803943925818546e-09
2.358022117797111961e-01 2.027402460355579352e-09
2.558581989368768350e-01 2.021010119810235617e-09
2.776200336253801249e-01 2.014625874804276276e-09
3.012328054774277564e-01 2.008250952966894881e-09
3.268539446193129416e-01 2.001885316790397608e-09
3.546542712832458921e-01 1.995528069001313330e-09
3.848191346931603696e-01 1.989179544744577680e-09
4.175496488176325682e-01 1.982840444622825045e-09
4.530640332288733974e-01 1.976510257175175470e-09
4.915990680075156827e-01 1.970188343832850396e-09
5.334116723932801341e-01 1.963875736640411000e-09
5.787806177066353586e-01 1.957572514720217768e-09
6.280083859617734410e-01 1.951277401793638077e-09
6.814231865625768325e-01 1.944991383883284034e-09
7.393811445272012728e-01 1.938714675309401593e-09
8.022686748305274396e-01 1.932446795481277434e-09
8.705050586945987101e-01 1.926187369359255985e-09
9.445452390035804502e-01 1.919937283458082495e-09
1.024882853480730827e+00 1.913696490935953205e-09
1.112053525850045244e+00 1.907463797464305045e-09
1.206638436925286495e+00 1.901240348826800690e-09
1.309268199435420277e+00 1.895026235820292782e-09
1.420627062420528164e+00 1.888820804975620781e-09
1.541457473229590036e+00 1.882624047611615560e-09
1.672565027535701798e+00 1.876436575161675686e-09
1.814823840371259767e+00 1.870258412110855592e-09
1.969182373992680146e+00 1.864088341557010721e-09
2.136669761429952796e+00 1.857927615849109417e-09
2.318402667881130697e+00 1.851776159893489170e-09
2.515592735697803395e+00 1.845633475030485986e-09
2.729554662598420833e+00 1.839499455727856754e-09
2.961714966968243878e+00 1.833374755845693157e-09
3.213621498685566014e+00 1.827259375004179498e-09
3.486953758884384413e+00 1.821152203308854531e-09
3.783534097457074363e+00 1.815054276132985533e-09
4.105339862952555485e+00 1.808965660516797540e-09
4.454516585875307300e+00 1.802885907732896614e-09
4.833392283280380397e+00 1.796814826055539547e-09
5.244492980035404983e+00 1.790753052789135550e-09
5.690559550232372921e+00 1.784700619989290824e-09
6.174565991033563073e+00 1.778656498488427994e-09
6.699739250786239886e+00 1.772621554879435970e-09
7.269580743603349049e+00 1.766596006388648032e-09
7.887889693851422024e+00 1.760579324944138556e-09
8.558788466187010613e+00 1.754571291728930760e-09
9.286750050021113978e+00 1.748572609848176102e-09
1.007662788165499101e+01 1.742583294798467670e-09
1.093368820291615151e+01 1.736602411683411770e-09
1.186364517203482016e+01 1.730630598703049491e-09
1.287269896085077470e+01 1.724668216980969365e-09
1.396757709235055245e+01 1.718714904417650978e-09
1.515557929413908411e+01 1.712770080331014950e-09
1.644462616689115464e+01 1.706834631435671149e-09
1.784331199226276965e+01 1.700908638447125785e-09
1.936096203234146884e+01 1.694991110616111974e-09
2.100769470265996119e+01 1.689082665474808604e-09
2.279448903329081233e+01 1.683183604962189372e-09
2.473325786779575353e+01 1.677293830056085540e-09
2.683692728805882766e+01 1.671412420468517939e-09
2.911952279454171233e+01 1.665540366644240559e-09
3.159626281653829949e+01 1.659677735342017411e-09
3.428366017587656955e+01 1.653823967201409849e-09
3.719963218054277831e+01 1.647978974905619120e-09
4.036362008223917286e+01 1.642143402172282298e-09
4.379671869431823694e+01 1.636317241995503435e-09
4.752181703427713444e+01 1.630499538586830706e-09
5.156375092849793873e+01 1.624691036692244712e-09
5.594946859667385297e+01 1.618892017013013878e-09
6.070821031990004002e+01 1.613102131044809060e-09
6.587170339030387822e+01 1.607320854553251923e-09
7.147437364197547538e+01 1.601548885773320828e-09
7.755357497350959761e+01 1.595786424013639878e-09
8.414983839242133001e+01 1.590032745110267999e-09
9.130714224185534533e+01 1.584288053205376484e-09
9.907320541123273472e+01 1.578552714175976209e-09
1.074998054857188095e+02 1.572826881814167344e-09
1.166431239556642794e+02 1.567109456411126007e-09
1.265641207875852672e+02 1.561401397672083218e-09
1.373289408540107956e+02 1.555702787151376432e-09
1.490093549319256283e+02 1.550013312852287049e-09
1.616832382100186294e+02 1.544332550190847077e-09
1.754350894950203781e+02 1.538661182046043883e-09
1.903565945787617011e+02 1.532999280091113819e-09
2.065472375220095387e+02 1.527346236404112603e-09
2.241149639306126176e+02 1.521702192474882272e-09
2.431769006461177582e+02 1.516067632910275036e-09
2.638601366491546969e+02 1.510442483398198259e-09
2.863025703819952241e+02 1.504825963735761739e-09
3.106538291395216334e+02 1.499218737971291665e-09
3.370762666583319742e+02 1.493620942922224074e-09
3.657460455550645406e+02 1.488032530580102776e-09
3.968543118307399595e+02 1.482452702649150774e-09
4.306084692717175244e+02 1.476882326121115819e-09
4.672335622439089207e+02 1.471321427807725707e-09
5.069737760995580516e+02 1.465769637097109569e-09
5.500940652000325599e+02 1.460226729753615718e-09
5.968819194089306848e+02 1.454693305774954711e-09
6.476492808329759328e+02 1.449169340883485791e-09
7.027346235899317435e+02 1.443654262680245951e-09
7.625052104696767401e+02 1.438148299866827972e-09
8.273595415339618739e+02 1.432651858126889232e-09
8.977300109800472683e+02 1.427164860971575535e-09
9.740857899819772001e+02 1.421686609971659835e-09
1.056935954729825198e+03 1.416217699287168408e-09
1.146832880522070127e+03 1.410758274352979805e-09
1.244375924540051756e+03 1.405308297534321890e-09
1.350215421858156787e+03 1.399866939640986928e-09
1.465057021331754413e+03 1.394435119786703383e-09
1.589666390270986312e+03 1.389012819506850939e-09
1.724874319267163173e+03 1.383599802078713769e-09
1.871582261206507837e+03 1.378195604277791939e-09
2.030768341400715371e+03 1.372800893624170144e-09
2.203493878904836038e+03 1.367415735492800444e-09
2.390910462501156417e+03 1.362039753848486240e-09
2.594267628525762120e+03 1.356672763283900539e-09
2.814921191727156383e+03 1.351315270256791050e-09
3.054342284700002892e+03 1.345967329668679581e-09
3.314127166161414607e+03 1.340628448480030885e-09
3.596007863463109061e+03 1.335298721248129947e-09
3.901863720294770246e+03 1.329978520145115000e-09
4.233733926568956122e+03 1.324667895428221237e-09
4.593831114026419527e+03 1.319366207637780244e-09
4.984556108205752935e+03 1.314073776057570220e-09
5.408513935131221842e+03 1.308790929934713315e-09
5.868531189437892863e+03 1.303517597079487187e-09
6.367674879730109751e+03 1.298253245554736497e-09
6.909272876818382429e+03 1.292998195115306811e-09
7.496936101166241315e+03 1.287752753961630865e-09
8.134582597474543036e+03 1.282516840460065882e-09
8.826463656912041188e+03 1.277289881051206687e-09
9.577192161153527195e+03 1.272072320566570462e-09
1.039177333719968192e+04 1.266864333325077633e-09
1.127563812802600114e+04 1.261665880106642500e-09
1.223467940154807366e+04 1.256476382975149659e-09
1.327529123931455615e+04 1.251296316880674154e-09
1.440441156687135481e+04 1.246125863479063424e-09
1.562956841002084730e+04 1.240964978238548125e-09
1.695893008537384230e+04 1.235813041758196166e-09
1.840135965982281414e+04 1.230670585307251556e-09
1.996647404202618418e+04 1.225537721640093669e-09
2.166470809987657776e+04 1.220414435697117974e-09
2.350738423143375985e+04 1.215300146076566526e-09
2.550678785316330323e+04 1.210195353638005045e-09
2.767624930877296356e+04 1.205100165090991849e-09
3.003023274474607388e+04 1.200014582461954208e-09
3.258443254511943451e+04 1.194938039236297607e-09
3.535587796845143021e+04 1.189870977342656401e-09
3.836304668461267283e+04 1.184813537259434637e-09
4.162598796836587280e+04 1.179765703727622455e-09
4.516645637108721712e+04 1.174727029418973386e-09
4.900805676183955075e+04 1.169697726840056347e-09
5.317640170480964298e+04 1.164678088542357343e-09
5.769928222236932925e+04 1.159668089037494458e-09
6.260685308226691268e+04 1.154667309771876528e-09
6.793183384428593854e+04 1.149675900254127917e-09
7.370972700678311230e+04 1.144694177434130111e-09
7.997905470752276597e+04 1.139722078088179255e-09
8.678161555693026457e+04 1.134759309026459648e-09
9.416276331611182832e+04 1.129805876044986964e-09
1.021717092776342033e+05 1.124862094034039271e-09
1.108618503650817875e+05 1.119927967297529732e-09
1.202911251388860837e+05 1.115003351722660710e-09
1.305224000819741050e+05 1.110087890764498674e-09
1.416238887406641734e+05 1.105182157433237889e-09
1.536696065152888477e+05 1.100286103693545824e-09
1.667398641327048826e+05 1.095399672868664784e-09
1.809218030907549546e+05 1.090522344746385056e-09
1.963099766445690475e+05 1.085654719293382207e-09
2.130069802082383831e+05 1.080796782813614071e-09
2.311241353748491674e+05 1.075948554727275105e-09
2.507822321153477242e+05 1.071109504855149304e-09
2.721123341045925044e+05 1.066280076052100933e-09
2.952566525438380195e+05 1.061460344707814123e-09
3.203694943055555923e+05 1.056650348568594529e-09
3.476182907220305060e+05 1.051849745725530914e-09
3.771847138768312871e+05 1.047058584317329396e-09
4.092658878416455700e+05 1.042277178654376384e-09
4.440757029339926667e+05 1.037505457414221937e-09
4.818462417581740883e+05 1.032743401134307957e-09
5.228293265371181769e+05 1.027990577384035091e-09
5.672981980514107272e+05 1.023247518278537132e-09
6.155493373792786151e+05 1.018514220915589482e-09
6.679044425833545392e+05 1.013790651050383588e-09
7.247125735231107101e+05 1.009076421673103039e-09
7.863524790927602444e+05 1.004371788437468467e-09
8.532351224007169949e+05 9.996769696499908810e-10
9.258064207263578428e+05 9.949918946147529942e-10
1.004550218521840870e+06 9.903164214771397691e-10
1.089991513280448504e+06 9.856503518761398359e-10
1.182699955778836738e+06 9.809940645303952498e-10
1.283293648029870121e+06 9.763475637773464599e-10
1.392443264267582214e+06 9.717108497604596716e-10
1.510876522439570166e+06 9.670835220876145445e-10
1.639383036018923391e+06 9.624658470882644874e-10
1.778819578483533347e+06 9.578580339446838773e-10
1.930115795561892446e+06 9.532600074904712481e-10
2.094280403329848312e+06 9.486716624394056134e-10
2.272407913481985684e+06 9.440927691525647617e-10
2.465685930616163649e+06 9.395236745070107063e-10
2.675403070183285046e+06 9.349644192704267908e-10
2.902957549892597366e+06 9.304150035733541102e-10
3.149866511852776166e+06 9.258750712461823053e-10
3.417776137601003982e+06 9.213448476494643810e-10
3.708472623458523769e+06 9.168244418495150238e-10
4.023894089387215208e+06 9.123138990396476809e-10
4.366143500745316036e+06 9.078132227381096516e-10
4.737502689093796536e+06 9.033219160875815046e-10
5.140447565532314591e+06 8.988404862781100167e-10
5.577664627994435839e+06 8.943689058229563732e-10
6.052068872559121810e+06 8.899071914904637357e-10
6.566823228195610456e+06 8.854552743042991296e-10
7.125359644516889006e+06 8.810128950567626982e-10
7.731401973136454821e+06 8.765803965488166891e-10
8.388990795182639733e+06 8.721577835780884925e-10
9.102510360499303788e+06 8.677450658755114993e-10
9.876717818140476942e+06 8.633420799115467853e-10
1.071677493304419145e+07 8.589487530930747387e-10
1.162828250034452416e+07 8.545653208715456321e-10
1.261731768676882423e+07 8.501918262112948549e-10
1.369047454807988182e+07 8.458282540109517698e-10
1.485490799270039424e+07 8.414743693317098415e-10
1.611838148463189602e+07 8.371302284827965640e-10
1.748931880371042341e+07 8.327960361041555021e-10
1.897686020829439536e+07 8.284717765655967645e-10
2.059092337482834235e+07 8.241574846371473396e-10
2.234226952057845145e+07 8.198529337408434015e-10
2.424257515038857609e+07 8.155581413696224050e-10
2.630450990580564365e+07 8.112732994557992698e-10
2.854182103560641035e+07 8.069984287560852166e-10
3.096942505090292171e+07 8.027335727332475821e-10
3.360350717590854317e+07 7.984784902070128172e-10
3.646162925741544366e+07 7.942332028171780671e-10
3.956284685243614763e+07 7.899979059633453316e-10
4.292783627465011925e+07 7.857725922607830747e-10
4.657903244669274986e+07 7.815572945506034064e-10
5.054077847737383842e+07 7.773519361341164689e-10
5.483948796107575297e+07 7.731562896282046093e-10
5.950382108141306788e+07 7.689706489151388574e-10
6.456487569325879216e+07 7.647950582707881347e-10
7.005639465711683035e+07 7.606295092446856431e-10
7.601499080817036331e+07 7.564739812482050201e-10
8.248039105990734696e+07 7.523281958669133543e-10
8.949570126980873942e+07 7.481924091156377992e-10
9.710769363299149275e+07 7.440666844037486868e-10
1.053671185199164450e+08 7.399510215476917441e-10
1.143290428372220546e+08 7.358454138444006055e-10
1.240532171675986648e+08 7.317497605302121714e-10
1.346044741364807785e+08 7.276639757162721050e-10
1.460531606615259051e+08 7.235883003419622103e-10
1.584756069667692184e+08 7.195226949037236460e-10
1.719546354884308577e+08 7.154672015557276384e-10
1.865801130653451681e+08 7.114218012623648461e-10
2.024495500955500305e+08 7.073862557124575271e-10
2.196687506536999643e+08 7.033607644529885988e-10
2.383525179037593007e+08 6.993454192357354038e-10
2.586254195100497603e+08 6.953401843351916296e-10
2.806226181497977972e+08 6.913450846178424751e-10
3.044907726643133759e+08 6.873601192132287210e-10
3.303890158569422364e+08 6.833850063965955487e-10
3.584900154569201469e+08 6.794200425265991817e-10
3.889811253227289319e+08 6.754652774821959187e-10
4.220656345602453947e+08 6.715206433008133944e-10
4.579641228837096095e+08 6.675861895063169515e-10
4.969159312559701204e+08 6.636619106151698689e-10
5.391807576129486561e+08 6.597475458323976869e-10
5.850403883113162518e+08 6.558434017635988311e-10
6.348005768432067633e+08 6.519494126022170105e-10
6.887930823436312675e+08 6.480656576135311158e-10
7.473778814817084074e+08 6.441921116638316325e-10
8.109455684826667309e+08 6.403287916259126097e-10
8.799199592820346355e+08 6.364754757275706580e-10
9.547609171742414236e+08 6.326323491070706683e-10
1.035967418794754505e+09 6.287994886926442914e-10
1.124080880877122641e+09 6.249768403798575009e-10
1.219688769964896202e+09 6.211644694664277782e-10
1.323428519145062447e+09 6.173623409926833309e-10
1.435991777916346073e+09 6.135704275776511391e-10
1.558129023527045965e+09 6.097885987105667580e-10
1.690654564526890516e+09 6.060170766859110727e-10
1.834451969892327785e+09 6.022558524069005407e-10
1.990479959922250509e+09 5.985048999492075554e-10
2.159778798179500103e+09 5.947642678194825442e-10
2.343477227094469070e+09 5.910339421866197407e-10
2.542799993471343994e+09 5.873138288523941361e-10
2.759076014070946693e+09 5.836039353849774920e-10
2.993747235711341381e+09 5.799043639537584269e-10
3.248378248957804680e+09 5.762151678064472887e-10
3.524666719498440266e+09 5.725362962766072860e-10
3.824454706752722740e+09 5.688677830950542086e-10
4.149740945176359653e+09 5.652096189826103618e-10
4.502694170143455505e+09 5.615618130895279326e-10
4.885667577252138138e+09 5.579242099984064475e-10
5.301214511456012726e+09 5.542970088383588918e-10
5.752105490623184204e+09 5.506802005724844295e-10
6.241346677022136688e+09 5.470737948275550768e-10
6.772199919886195183e+09 5.434777952479368101e-10
7.348204502684082985e+09 5.398922037916879417e-10
7.973200740088936806e+09 5.363170533141748684e-10
8.651355581970201492e+09 5.327522736115352043e-10
9.387190395115074158e+09 5.291978245299523650e-10
1.018561110790369797e+10 5.256538314226298234e-10
1.105194091891856384e+10 5.221202824323776947e-10
1.199195578756052589e+10 5.185972189576725752e-10
1.301192294329395866e+10 5.150846201417064284e-10
1.411864267026809120e+10 5.115825085941233338e-10
1.531949364589860535e+10 5.080908891715610229e-10
1.662248213569047928e+10 5.046097677224154520e-10
1.803629537229006195e+10 5.011390273057313066e-10
1.957035947465497589e+10 4.976788001523814670e-10
2.123490229349623108e+10 4.942290676131173529e-10
2.304102160199484253e+10 4.907898883921027961e-10
2.500075908643075180e+10 4.873612595004736815e-10
2.712718063003043365e+10 4.839431862880612560e-10
2.943446342530075073e+10 4.805356665878921971e-10
3.193799049563801193e+10 4.771387119877949494e-10
3.465445325640541840e+10 4.737523230050498042e-10
3.760196279926917267e+10 4.703765180913242567e-10
4.080017064174212646e+10 4.670111961198504223e-10
4.427039974699504089e+10 4.636564925988825333e-10
4.803578668746092224e+10 4.603124107447272684e-10
5.212143590006504059e+10 4.569789164341839784e-10
5.655458706151950836e+10 4.536560908477540083e-10
6.136479669960485077e+10 4.503439008588380764e-10
6.658413525126841736e+10 4.470423536448915085e-10
7.224740088135475159e+10 4.437514759360935686e-10
7.839235148753797913e+10 4.404712612254004125e-10
8.505995643826179504e+10 4.372017281823673357e-10
9.229466972207362366e+10 4.339428745604778287e-10
1.001447263294733582e+11 4.306946845602428411e-10
1.086624638433101196e+11 4.274571606859733390e-10
1.179046713818187408e+11 4.242303616093942841e-10
1.279329682207501831e+11 4.210142742881997556e-10
1.388142146189413757e+11 4.178089349357816670e-10
1.506209575863503418e+11 4.146143479476841151e-10
1.634319145665751648e+11 4.114305179004386768e-10
1.773324982586418152e+11 4.082574494257585095e-10
1.924153860771237793e+11 4.050951615979067427e-10
2.087811380472925110e+11 4.019436703364387270e-10
2.265388672548820801e+11 3.988029502660207345e-10
2.458069673204888000e+11 3.956730572967379029e-10
2.667139017487681885e+11 3.925539950265625434e-10
2.893990604151676025e+11 3.894457486225395778e-10
3.140136889005223999e+11 3.863483419603204578e-10
3.407218968695231934e+11 3.832617811700829038e-10
3.697017522161064453e+11 3.801860833688474883e-10
4.011464682705706177e+11 3.771212301823523649e-10
4.352656919837611694e+11 3.740672399128649916e-10
4.722869016768096924e+11 3.710241532012812594e-10
5.124569236754852905e+11 3.679919683428323324e-10
5.560435779407896729e+11 3.649707085149414405e-10
6.033374636674549561e+11 3.619603599055473582e-10
6.546538967552669678e+11 3.589609666475152474e-10
7.103350120705788574e+11 3.559725173177260560e-10
7.707520445142021484e+11 3.529950306114210021e-10
8.363078041038431396e+11 3.500285197306830762e-10
9.074393615729183350e+11 3.470729844235034846e-10
9.846209623910467529e+11 3.441284571852230189e-10
1.068367188634414917e+12 3.411949226197011980e-10
1.159236389786806641e+12 3.382724173384735224e-10
1.257834405344878906e+12 3.353609336384195556e-10
1.364818604046987061e+12 3.324605014205728026e-10
1.480902266655714600e+12 3.295711265324373641e-10
1.606859341514751709e+12 3.266928116135183472e-10
1.743529604586325928e+12 3.238255678518362701e-10
1.891824258371796143e+12 3.209694299551704538e-10
2.052732007044510742e+12 3.181243938843531444e-10
2.227325648298603516e+12 3.152904644217352054e-10
2.416769225862809570e+12 3.124676718945535567e-10
2.622325790366201660e+12 3.096560181134057983e-10
2.845365820298662598e+12 3.068555177269283686e-10
3.087376359210237793e+12 3.040661893684424333e-10
3.349970930068216309e+12 3.012880329192543988e-10
3.634900292872898926e+12 2.985210658425721249e-10
3.944064117254425293e+12 2.957653135316105028e-10
4.279523647874045410e+12 2.930207637422569720e-10
4.643515447071984375e+12 2.902874691504364875e-10
5.038466306386129883e+12 2.875654112761408470e-10
5.467009426359481445e+12 2.848546060832465135e-10
5.932001972509151367e+12 2.821550830114255064e-10
6.436544124505869141e+12 2.794668377741962000e-10
6.983999745567731445e+12 2.767898773975254586e-10
7.578018809874074219e+12 2.741242175254631016e-10
8.222561737527285156e+12 2.714698786206735651e-10
8.921925799306765625e+12 2.688268829732262648e-10
9.680773767260734375e+12 2.661952312672971746e-10
1.050416500215294727e+13 2.635749503506304639e-10
1.139758918503013477e+13 2.609660756180176749e-10
1.236700291780364453e+13 2.583685746874385029e-10
1.341886943686669336e+13 2.557824952370942816e-10
1.456020170452544336e+13 2.532078494522738628e-10
1.579860916553985547e+13 2.506446422910156888e-10
1.714234848050932031e+13 2.480928973992527119e-10
1.860037857434893359e+13 2.455526198641940378e-10
2.018242036687484766e+13 2.430238363819791039e-10
2.189902158373161719e+13 2.405065122938207393e-10
2.376162707976535156e+13 2.380006827998398877e-10
2.578265514370206250e+13 2.355063894177812160e-10
2.797558029286385547e+13 2.330236478771840736e-10
3.035502310993170703e+13 2.305524722401320312e-10
3.293684772070769531e+13 2.280928835467192625e-10
3.573826756277913281e+13 2.256448907014133591e-10
3.877796015026034375e+13 2.232085099455948351e-10
4.207619159976533594e+13 2.207837591385843577e-10
4.565495174784958594e+13 2.183706003467003219e-10
4.953810076076607031e+13 2.159690845874523162e-10
5.375152821400999219e+13 2.135792576934673883e-10
5.832332570225980469e+13 2.112011208547604995e-10
6.328397413053007031e+13 2.088347033060874308e-10
6.866654693524176562e+13 2.064800220463443388e-10
7.450693059011032812e+13 2.041370914496350503e-10
8.084406386700731250e+13 2.018058378643165435e-10
8.772019744697792188e+13 1.994863811380776656e-10
9.518117561228935938e+13 1.971787089254683989e-10
1.032767418975937969e+14 1.948828678558307472e-10
1.120608707380265312e+14 1.925988802648758585e-10
1.215921273254004375e+14 1.903267182355639091e-10
1.319340580717024219e+14 1.880663648543419905e-10
1.431556142831889062e+14 1.858178918327823460e-10
1.553316118697683438e+14 1.835813541843223044e-10
1.685432301546391875e+14 1.813567490142317831e-10
1.828785531098226875e+14 1.791440739220482834e-10
1.984331566260866875e+14 1.769432962559618394e-10
2.153107457327006250e+14 1.747545140768831541e-10
2.336238460154455000e+14 1.725777583991960954e-10
2.534945538426925625e+14 1.704130365545151067e-10
2.750553504014211562e+14 1.682602713862110712e-10
2.984499849704726250e+14 1.661195712605180089e-10
3.238344333199907500e+14 1.639909799233673684e-10
3.513779376268166875e+14 1.618745275814752081e-10
3.812641348391589375e+14 1.597701042708683209e-10
4.136922810134864375e+14 1.576778435254798683e-10
4.488785797865274375e+14 1.555977535090839907e-10
4.870576238394982500e+14 1.535298891844598218e-10
5.284839589650167500e+14 1.514741579117023770e-10
5.734337811646153750e+14 1.494306651897154864e-10
6.222067780916597500e+14 1.473995066405694826e-10
6.751281271168616250e+14 1.453805319559369578e-10
7.325506633377948750e+14 1.433738820163766220e-10
7.948572319869515000e+14 1.413796200529034162e-10
8.624632409221132500e+14 1.393976449021675223e-10
9.358194302169881250e+14 1.374280639178794518e-10
1.015414877317337625e+15 1.354709579117308805e-10
1.101780257798569750e+15 1.335262405649487752e-10
1.195491383464651000e+15 1.315939981317117126e-10
1.297173041377460750e+15 1.296743278556695917e-10
1.407503159412110750e+15 1.277670972096323178e-10
1.527217326110471250e+15 1.258724941743006609e-10
1.657113694967645000e+15 1.239905258734868706e-10
1.798058305848911500e+15 1.221211508080475297e-10
1.950990859016093250e+15 1.202645565108163400e-10
2.116930980259451000e+15 1.184206148618148931e-10
2.296985018905841000e+15 1.165895281002343543e-10
2.492353424026712000e+15 1.147712707165108432e-10
2.704338748023986500e+15 1.129658998106493593e-10
2.934354330955280000e+15 1.111735806813303443e-10
3.183933723498002500e+15 1.093941981693800193e-10
3.454740911377123500e+15 1.076280665445534465e-10
3.748581409424060000e+15 1.058750213308376734e-10
4.067414299232709500e+15 1.041354743718849582e-10
4.413365290669931000e+15 1.024092258180569237e-10
4.788740894323068000e+15 1.006966864630806888e-10
5.196043799374989000e+15 9.899774694237767340e-11
5.637989559432946000e+15 9.731288413491024534e-11
6.117524697559021000e+15 9.564192659455074035e-11
6.637846351210503000e+15 9.398530871753891689e-11
7.202423588066461000e+15 9.234284467316154850e-11
7.815020534857069000e+15 9.071435116603498881e-11
8.479721473398310000e+15 8.909885923565464632e-11
9.200958071152156000e+15 8.749342488464860967e-11
9.983538927861996000e+15 8.589158439241893850e-11
1.083268163525654600e+16 8.427896373547502179e-11
1.175404756356833200e+16 8.263390818229580550e-11
1.275377960679387600e+16 8.095534898901652235e-11
1.383854313835113200e+16 7.933858904301884661e-11
1.501557045018974800e+16 7.792682121396722539e-11
1.629270897163776600e+16 7.673503065574302170e-11
1.767847358946867400e+16 7.567481267891192035e-11
1.918210341801285200e+16 7.467323674569187690e-11
2.081362339781068000e+16 7.369052820578696284e-11
2.258391113349373600e+16 7.270868634631839960e-11
2.450476941651548400e+16 7.170183612521593406e-11
2.658900491624909200e+16 7.062904727973912400e-11
2.885051356409958400e+16 6.937790411220013755e-11
3.130437319990212800e+16 6.767229543986215452e-11
3.396694409829078800e+16 6.478290860498186353e-11
3.685597804526647200e+16 5.914302498863551765e-11
3.999073669219202400e+16 4.846491836398555348e-11
4.339211997630412800e+16 3.192572753796574076e-11
4.708280546393656800e+16 1.462629865970670238e-11
5.108739954548055200e+16 3.423559839131230371e-12
5.543260149012692000e+16 7.841169134075818811e-16
6.014738145416240000e+16 3.144539526986853073e-12
6.526317362963556800e+16 1.322765048618217887e-11
7.081408582114040000e+16 3.167000131011830882e-11
7.683712684800737600e+16 6.145864514537175815e-11
8.337245328801937600e+16 1.081439270260606737e-10
9.046363720773582400e+16 1.768077730566116806e-10
9.815795666443268800e+16 2.804927556961170494e-10
1.065067109164689760e+17 4.278105167698288795e-10
1.155655624436479360e+17 6.365932807625916642e-10
1.253949080578682720e+17 9.301672097070101293e-10
1.360602815783336320e+17 1.338736477078758630e-09
1.476327907560036800e+17 1.906998323350392183e-09
1.601895913603379840e+17 2.689887316317892933e-09
1.738144015891574080e+17 3.765047525792197467e-09
1.885980602312533760e+17 5.233503534928367711e-09
2.046391323031231680e+17 7.238591241361506267e-09
2.220445661976917760e+17 9.967272163391419582e-09
2.409304067263613440e+17 1.366966250935404384e-08
2.614225688083232640e+17 1.869208439077642993e-08
2.836576769654552640e+17 2.549003018914445385e-08
3.077839762198710400e+17 3.459476535694313922e-08
3.339623204671834240e+17 4.676957097537261646e-08
3.623672449151561600e+17 6.309326444925458817e-08
3.931881297378360320e+17 8.494571555412140714e-08
4.266304627034773760e+17 1.141908975384217904e-07
4.629172091943490560e+17 1.532323116454909288e-07
5.022902987525843840e+17 2.053027000005297587e-07
5.450122380631520000e+17 2.746617713891813226e-07
5.913678611278970880e+17 3.669116419781182490e-07
6.416662282993697280e+17 4.894438834740640888e-07
6.962426868356504320e+17 6.520248871426553077e-07
7.554611067141333760e+17 8.673810065751296257e-07
8.197163066108697600e+17 1.152194639313110906e-06
8.894366862197980160e+17 1.528262541404330338e-06
9.650870824620549120e+17 2.024070024565244488e-06
1.047171868628052480e+18 2.676602211648051355e-06
1.136238317114842240e+18 3.533557416209655095e-06
1.232880248178759680e+18 4.656936516974559843e-06
1.337741989030009600e+18 6.126331555432639352e-06
1.451522669665243392e+18 8.043643437145895782e-06
1.574980884079010304e+18 1.053936732761451479e-05
1.708939747931308288e+18 1.377866788848133100e-05
1.854292386391299840e+18 1.797079458033345081e-05
2.012007888745602560e+18 2.337784729231172766e-05
2.183137769471634688e+18 3.032695795811824716e-05
2.368822978852746752e+18 3.922203497266041306e-05
2.570301509876266496e+18 5.055778114293573279e-05
2.788916652130652160e+18 6.493324687024716873e-05
3.026125947732131328e+18 8.306426361441265047e-05
3.283510908991039488e+18 1.057926506649799908e-04
3.562787562607236608e+18 1.340873344843137465e-04
3.865817890694711296e+18 1.690408117865858635e-04
4.194622244914017280e+18 2.118418146246167524e-04
4.551392816479968768e+18 2.637283234155608997e-04
4.938508251850916864e+18 3.259104331516158681e-04
5.358549511545317376e+18 3.994474412754037357e-04
5.814317077818179584e+18 4.850770153304311428e-04
6.308849625923991552e+18 5.829900250711492855e-04
6.845444283450880000e+18 6.925465036663059747e-04
7.427678612797372416e+18 8.119463767486749224e-04
8.059434463353166848e+18 9.379041174670576034e-04
8.744923852409577472e+18 1.065342011481060832e-03
9.488717047352811520e+18 1.187245072619798380e-03
1.029577303636739482e+19 1.294731478692068109e-03
1.117147259080320000e+19 1.377536433074803834e-03
1.212165413963907277e+19 1.424955336768636734e-03
1.315265269522223718e+19 1.427355877888792203e-03
1.427134208980896563e+19 1.378115252413346804e-03
1.548518080450309530e+19 1.275702926791682547e-03
1.680226169614303846e+19 1.125359236925498356e-03
1.823136595367231693e+19 9.396443919412983230e-04
1.978202164373013709e+19 7.372060806357019075e-04
2.146456723579633254e+19 5.395199491463213487e-04
2.329022053042044109e+19 3.661743636474367966e-04
2.527115345009140122e+19 2.301452509779128904e-04
2.742057319139253043e+19 1.350379830989648262e-04
2.975281027949261210e+19 7.569984078361076505e-05
3.228341411204952474e+19 4.198875384330641393e-05
3.502925662953016525e+19 2.361181291695446942e-05
3.800864480313738035e+19 1.335064052981321820e-05
4.124144269031411712e+19 7.427124177817636180e-06
4.474920387159012966e+19 4.068552064224235948e-06
4.855531515175240499e+19 2.227756806102588706e-06
5.268515248341155021e+19 1.216589339467754571e-06
5.716625015253702246e+19 6.639537592581580565e-07
6.202848435394333082e+19 3.661906227901729012e-07
6.730427238066166170e+19 2.003074854222943182e-07
7.302878875521576141e+19 1.098634838578199922e-07
7.924019974378710630e+19 6.068590884967710821e-08
8.597991781681887642e+19 3.305688055656464128e-08
