1.000000000000000000e+16 1.313934740678282331e-49
1.011591112223833800e+16 1.910939180940780381e-49
1.023316578330245000e+16 2.777410953420572976e-49
1.035177955630180400e+16 4.034164767550441309e-49
1.047176819485520200e+16 5.855814756583748050e-49
1.059314763518374400e+16 8.494566816065001826e-49
1.071593399822671200e+16 1.231445945335929034e-48
1.084014359178335400e+16 1.784060915082923319e-48
1.096579291267809800e+16 2.582998857072554835e-48
1.109289864895227400e+16 3.737308585261423801e-48
1.122147768207980200e+16 5.403982232119644780e-48
1.135154708921003600e+16 7.808885873969033727e-48
1.148312414543511200e+16 1.127676287709645986e-47
1.161622632608506600e+16 1.627421429631882814e-47
1.175087130904807600e+16 2.347122852092692660e-47
1.188707697711908200e+16 3.382920740282855758e-47
1.202486142037412200e+16 4.872681589196285181e-47
1.216424293857373000e+16 7.013978857336570482e-47
1.230524004359261600e+16 1.008976570049611348e-46
1.244787146187911200e+16 1.450500623174980630e-46
1.259215613694151000e+16 2.083890848516116257e-46
1.273811323186483600e+16 2.991935484528978551e-46
1.288576213185518000e+16 4.292889314701066449e-46
1.303512244681514200e+16 6.155557137514153633e-46
1.318621401394748600e+16 8.820744694615245789e-46
1.333905690039064200e+16 1.263174490979685114e-45
1.349367140588306400e+16 1.807763655504473695e-45
1.365007806546019400e+16 2.585473936939188486e-45
1.380829765218092400e+16 3.695378153247836103e-45
1.396835117988745400e+16 5.278345561812866526e-45
1.413025990599533600e+16 7.534543779156788966e-45
1.429404533431766800e+16 1.074821416886354148e-44
1.445972921792019600e+16 1.532272022357120600e-44
1.462733356201135800e+16 2.183009580022883413e-44
1.479688062686396400e+16 3.108104561083774020e-44
1.496839293077261600e+16 4.422377472890795807e-44
1.514189325304352000e+16 6.288342775837998874e-44
1.531740463702086000e+16 8.935869427500216377e-44
1.549495039314631600e+16 1.268988337466513775e-43
1.567455410205601400e+16 1.800937564212008042e-43
1.585623961771137200e+16 2.554229356776185203e-43
1.604003107056826400e+16 3.620273129320664901e-43
1.622595287078087200e+16 5.127940660618674677e-43
1.641402971144473200e+16 7.258800400060632683e-43
1.660428657187529600e+16 1.026849810702088761e-42
1.679674872092660000e+16 1.451674371452791094e-42
1.699144172034626000e+16 2.050934077986113641e-42
1.718839142817152600e+16 2.895705575602438815e-42
1.738762400216250400e+16 4.085801963202344525e-42
1.758916590327739800e+16 5.761299235278435456e-42
1.779304389918577400e+16 8.118648927853998949e-42
1.799928506782483800e+16 1.143318682875124543e-41
1.820791680099462400e+16 1.609055589295552680e-41
1.841896680799718400e+16 2.263054461555036940e-41
1.863246311931560000e+16 3.180820577699431324e-41
1.884843409033803200e+16 4.467901071761189386e-41
1.906690840512252000e+16 6.271741268750097627e-41
1.928791508020785600e+16 8.798181739671536798e-41
1.951148346846616400e+16 1.233439729203261967e-40
1.973764326300263600e+16 1.728077225404191672e-40
1.996642450109793200e+16 2.419516396719270116e-40
2.019785756819886800e+16 3.385432834393220846e-40
2.043197320195270400e+16 4.733910510095945129e-40
2.066880249629090400e+16 6.615247463145157621e-40
2.090837690555750000e+16 9.238306259105288189e-40
2.115072824868803200e+16 1.289314376707030447e-39
2.139588871343421600e+16 1.798231100991481336e-39
2.164389086064029200e+16 2.506411608587402227e-39
2.189476762856620800e+16 3.491238284850323719e-39
2.214855233726368400e+16 4.859894021821812228e-39
2.240527869300018000e+16 6.760741264310323190e-39
2.266498079273702000e+16 9.399008489603537293e-39
2.292769312865648800e+16 1.305840029610440542e-38
2.319345059274436800e+16 1.813084822664338751e-38
2.346228848142262400e+16 2.515744180799967838e-38
2.373424250023876000e+16 3.488470385747892722e-38
2.400934876860652000e+16 4.834191090821392012e-38
2.428764382460460400e+16 6.694725832353154054e-38
2.456916462982790000e+16 9.265353381960235746e-38
2.485394857429808800e+16 1.281478692043794736e-37
2.514203348142796800e+16 1.771254635912059062e-37
2.543345761304658800e+16 2.446644215344942403e-37
2.572825967447932000e+16 3.377387170973760823e-37
2.602647881969015200e+16 4.659197155657887301e-37
2.632815465648020000e+16 6.423349253722299464e-37
2.663332725174991600e+16 8.849774281258742620e-37
2.694203713681882400e+16 1.218493062418366394e-36
2.725432531281038800e+16 1.676618049305193932e-36
2.757023325609582400e+16 2.305501572984598506e-36
2.788980292380450800e+16 3.168231575437164401e-36
2.821307675939470800e+16 4.350995382685034179e-36
2.854009769829249200e+16 5.971460120309635395e-36
2.887090917359234800e+16 8.190165156556207574e-36
2.920555512182757200e+16 1.122599881680248944e-35
2.954407998880380000e+16 1.537720960080975268e-35
2.988652873550394800e+16 2.104991204328290980e-35
3.023294684405776400e+16 2.879673476099128627e-35
3.058338032378444000e+16 3.936918427799554581e-35
3.093787571730136800e+16 5.378854491251102540e-35
3.129648010670763200e+16 7.344181222279761806e-35
3.165924111983520800e+16 1.002114123753619177e-34
3.202620693657663200e+16 1.366504891982601860e-34
3.239742629528195600e+16 1.862196078795721917e-34
3.277294849923395600e+16 2.536061810621172689e-34
3.315282342319423200e+16 3.451552392264697728e-34
3.353710152002942400e+16 4.694499696015099367e-34
3.392583382740992000e+16 6.380935722747626829e-34
3.431907197459056800e+16 8.667615425639970229e-34
3.471686818926559600e+16 1.176616968275188467e-33
3.511927530450742000e+16 1.596212802949870747e-33
3.552634676578139200e+16 2.164046966147007842e-33
3.593813663804640400e+16 2.931992016868517394e-33
3.635469961293317600e+16 3.969895677603011768e-33
3.677609101601045600e+16 5.371747799739738490e-33
3.720236681413065600e+16 7.263941605499543156e-33
3.763358362286548000e+16 9.816333016009739002e-33
3.806979871402284000e+16 1.325703587932175826e-32
3.851107002325584800e+16 1.789220186883280117e-32
3.895745615775500800e+16 2.413244675344472087e-32
3.940901640403464000e+16 3.252813271114168308e-32
3.986581073580438400e+16 4.381644302862733717e-32
4.032789982193721600e+16 5.898414851692552783e-32
4.079534503452448800e+16 7.935124024875179462e-32
4.126820845702968800e+16 1.066822909014197858e-31
4.174655289253134400e+16 1.433346388937467811e-31
4.223044187206689600e+16 1.924554391069973174e-31
4.271993966306776800e+16 2.582435193750777919e-31
4.321511127789780000e+16 3.462971228521974372e-31
4.371602248248502400e+16 4.640753963859235397e-31
4.422273980505915200e+16 6.215104205887705702e-31
4.473533054498463200e+16 8.318183455855454413e-31
4.525386278170185600e+16 1.112573684769406769e-30
4.577840538376616000e+16 1.487131189192838991e-30
4.630902801799756000e+16 1.986506497792967956e-30
4.684580115873045600e+16 2.651861921376813040e-30
4.738879609717670400e+16 3.537789868706316524e-30
4.793808495089107200e+16 4.716646952656969845e-30
4.849374067335252800e+16 6.284271148712290710e-30
4.905583706365045600e+16 8.367518287005891186e-30
4.962444877628933600e+16 1.113419016110005133e-29
5.019965133110079200e+16 1.480610442048101927e-29
5.078152112327691200e+16 1.967628891623407258e-29
5.137013543351338400e+16 2.613158685023098013e-29
5.196557243827678400e+16 3.468235545396730512e-29
5.256791122018419200e+16 4.600145792875967897e-29
5.317723177850988000e+16 6.097542225957919444e-29
5.379361503980697600e+16 8.077151826072252957e-29
5.441714286865909600e+16 1.069256467058846568e-28
5.504789807854968000e+16 1.414574204583201444e-28
5.568596444286431200e+16 1.870207491275180105e-28
5.633142670601352000e+16 2.471007477726279802e-28
5.698437059469159200e+16 3.262710468789766777e-28
5.764488282925873600e+16 4.305298051351234008e-28
5.831305113526242400e+16 5.677382021158700731e-28
5.898896425508493600e+16 7.481922805213959587e-28
5.967271195973335200e+16 9.853681882593416301e-28
6.036438506075864000e+16 1.296892745838222670e-27
6.106407542232061600e+16 1.705806614458190248e-27
6.177187597338488000e+16 2.242207167702385807e-27
6.248788072006913600e+16 2.945383763174513412e-27
6.321218475812448800e+16 3.866591123449358074e-27
6.394488428556962400e+16 5.072649089636377585e-27
6.468607661546320800e+16 6.650611824667920385e-27
6.543586018883256000e+16 8.713820100075651894e-27
6.619433458774388000e+16 1.140974105730128774e-26
6.696160054853242400e+16 1.493011649469738651e-26
6.773775997517744800e+16 1.952409058200406285e-26
6.852291595284085600e+16 2.551518025394711381e-26
6.931717276155400000e+16 3.332319826357431752e-26
7.012063589007205600e+16 4.349255513669900977e-26
7.093341204987989600e+16 5.672877137145546113e-26
7.175560918936950400e+16 7.394554976604749045e-26
7.258733650817246400e+16 9.632542103057939465e-26
7.342870447166787200e+16 1.253978236502663305e-25
7.427982482564910400e+16 1.631395618971479576e-25
7.514081061116993600e+16 2.121039681718981691e-25
7.601177617955323200e+16 2.755868590030070303e-25
7.689283720758337600e+16 3.578396214017389408e-25
7.778411071286481600e+16 4.643426288313998150e-25
7.868571506936875200e+16 6.021558296442516191e-25
7.959777002314977600e+16 7.803679852910716961e-25
8.052039670825502400e+16 1.010671926241571424e-24
8.145371766280737600e+16 1.308100675560757199e-24
8.239785684528545600e+16 1.691968786710419018e-24
8.335293965098187200e+16 2.187075287304333147e-24
8.431909292866284800e+16 2.825239887434135124e-24
8.529644499741016000e+16 3.647263447793664996e-24
8.628512566366921600e+16 4.705428176805367296e-24
8.728526623848371200e+16 6.066683980190670906e-24
8.829699955494118400e+16 7.816706509218230598e-24
8.932045998580960000e+16 1.006506186564480362e-23
9.035578346138958400e+16 1.295177528407925632e-23
9.140310748756222400e+16 1.665567976456331231e-23
9.246257116405771200e+16 2.140501975440615397e-23
9.353431520292377600e+16 2.749090981936502626e-23
9.461848194722030400e+16 3.528440535987639143e-23
9.571521538991856000e+16 4.525814002077610472e-23
9.682466119303153600e+16 5.801373276512975135e-23
9.794696670695385600e+16 7.431647943533815566e-23
9.908228099003828800e+16 9.513923498400134881e-23
1.002307548283864320e+17 1.217178833414612132e-22
1.013925407558818400e+17 1.556214069197232413e-22
1.025677930744420800e+17 1.988403379354848988e-22
1.037566678745189120e+17 2.538983375232502267e-22
1.049593230558226560e+17 3.239928538040248346e-22
1.061759183483003360e+17 4.131723160724177464e-22
1.074066153333432320e+17 5.265592027880716947e-22
1.086515774652541760e+17 6.706306675780233392e-22
1.099109700929496160e+17 8.535713333388562598e-22
1.111849604819274400e+17 1.085716510222915804e-21
1.124737178364750720e+17 1.380108632605066054e-21
1.137774133221494880e+17 1.753195358071074282e-21
1.150962200885031200e+17 2.225704793721915238e-21
1.164303132920880320e+17 2.823742039834617350e-21
1.177798701197118080e+17 3.580162073061459980e-21
1.191450698119779680e+17 4.536287430311181485e-21
1.205260936870841440e+17 5.744055815479575733e-21
1.219231251649114400e+17 7.268703392033007349e-21
1.233363497913774720e+17 9.192115077147001384e-21
1.247659552630873600e+17 1.161700476390692822e-20
1.262121314522546080e+17 1.467212747475726935e-20
1.276750704319269600e+17 1.851877372064473000e-20
1.291549665014882720e+17 2.335885592603436494e-20
1.306520162124725280e+17 2.944497027950137888e-20
1.321664183946603840e+17 3.709290796554194133e-20
1.336983741824950720e+17 4.669720132217281616e-20
1.352480870417873920e+17 5.875042781455471879e-20
1.368157627967476160e+17 7.386716364081772952e-20
1.384016096573130240e+17 9.281368640125775889e-20
1.400058382468101760e+17 1.165447812433039640e-19
1.416286616299197280e+17 1.462493178179000940e-19
1.432702953409835360e+17 1.834066491382391039e-19
1.449309574126215040e+17 2.298563537050030454e-19
1.466108684046989120e+17 2.878844181429948702e-19
1.483102514336103040e+17 3.603296622767022542e-19
1.500293322019222720e+17 4.507150702414703169e-19
1.517683390283403840e+17 5.634097440744603133e-19
1.535275028780427520e+17 7.038284817410791389e-19
1.553070573933458560e+17 8.786775499766922166e-19
1.571072389247455360e+17 1.096257134536968995e-18
1.589282865622976320e+17 1.366833280071524331e-18
1.607704421673828480e+17 1.703094967920493801e-18
1.626339504048190720e+17 2.120715430207719991e-18
1.645190587753667520e+17 2.639040992541891750e-18
1.664260176485901760e+17 3.281935832003462473e-18
1.683550802961207680e+17 4.078817220703520850e-18
1.703065029252842560e+17 5.065923325314890199e-18
1.722805447131399360e+17 6.287864723244838830e-18
1.742774678408917440e+17 7.799521805391893533e-18
1.762975375287211200e+17 9.668363559084688229e-18
1.783410220710006400e+17 1.197727933718856644e-17
1.804081928719388160e+17 1.482803468995038214e-17
1.824993244816150400e+17 1.834548584702361471e-17
1.846146946324553280e+17 2.268271580589477631e-17
1.867545842761074240e+17 2.802728918735015967e-17
1.889192776207672000e+17 3.460886422887896584e-17
1.911090621689136000e+17 4.270844990010148704e-17
1.933242287555051200e+17 5.266965580998003810e-17
1.955650715865947200e+17 6.491235432368464621e-17
1.978318882784170240e+17 7.994926049196988163e-17
2.001249798969034880e+17 9.840603884318019238e-17
2.024446509976809920e+17 1.210456701636807791e-16
2.047912096665083200e+17 1.487979600953794410e-16
2.071649675602075200e+17 1.827952494658625518e-16
2.095662399480430720e+17 2.244155993787801817e-16
2.119953457536077440e+17 2.753349789298431485e-16
2.144526075971665280e+17 3.375902879099661576e-16
2.169383518385191040e+17 4.136554104192801023e-16
2.194529086203311360e+17 5.065329290630084053e-16
2.219966119119961600e+17 6.198646464984421084e-16
2.245697995539771840e+17 7.580646770860915677e-16
2.271728133026912000e+17 9.264796046326944225e-16
2.298059988758848640e+17 1.131581074332108492e-15
2.324697059985655040e+17 1.381197223546846769e-15
2.351642884494346240e+17 1.684790587053306923e-15
2.378901041078900480e+17 2.053791573184787968e-15
2.406475150015421760e+17 2.501998339483873093e-15
2.434368873543118080e+17 3.046055948897997977e-15
2.462585916350544000e+17 3.706030117489486428e-15
2.491130026067796160e+17 4.506093739370574922e-15
2.520004993764089600e+17 5.475347772817961554e-15
2.549214654451431040e+17 6.648802085592666370e-15
2.578762887593798400e+17 8.068546595176259483e-15
2.608653617622555840e+17 9.785148627188352520e-15
2.638890814457507520e+17 1.185931899979291985e-14
2.669478494034328960e+17 1.436389709550240134e-14
2.700420718837769920e+17 1.738621430458243519e-14
2.731721598441384640e+17 2.103090594995842618e-14
2.763385290053167040e+17 2.542325440344233803e-14
2.795415999067864960e+17 3.071316089360163571e-14
2.827817979625338240e+17 3.707986085322104809e-14
2.860595535175750720e+17 4.473751798583286518e-14
2.893753019050947200e+17 5.394185603971974177e-14
2.927294835042824960e+17 6.499801513780748568e-14
2.961225437988031360e+17 7.826985208510030012e-14
2.995549334359822080e+17 9.419094213028717665e-14
3.030271082866392960e+17 1.132775840800963458e-13
3.065395295056536320e+17 1.361441624798182301e-13
3.100926635931923200e+17 1.635212809605078149e-13
3.136869824566886400e+17 1.962771511773380135e-13
3.173229634734972800e+17 2.354428035900562551e-13
3.210010895543181440e+17 2.822417814742490329e-13
3.247218492073125760e+17 3.381250900719316514e-13
3.284857366030053760e+17 4.048123010809255696e-13
3.322932516398968320e+17 4.843398614734389265e-13
3.361449000108775680e+17 5.791178280693003298e-13
3.400411932703702400e+17 6.919964489515223711e-13
3.439826489022935040e+17 8.263442438237357169e-13
3.479697903887687680e+17 9.861395024579459763e-13
3.520031472796689920e+17 1.176077428852543722e-12
3.560832552629274240e+17 1.401695514723220370e-12
3.602106562357080960e+17 1.669520136493425014e-12
3.643858983763540480e+17 1.987237842967075256e-12
3.686095362172168960e+17 2.363895345443922100e-12
3.728821307182830080e+17 2.810132848435380492e-12
3.772042493417009280e+17 3.338456079096542160e-12
3.815764661271244800e+17 3.963553200226009572e-12
3.859993617679779200e+17 4.702663740305945084e-12
3.904735236885555840e+17 5.576007761522927341e-12
3.949995461220654720e+17 6.607284732393791867e-12
3.995780301895265280e+17 7.824252997194555179e-12
4.042095839796318080e+17 9.259402364593186252e-12
4.088948226294856320e+17 1.095073420030638210e-11
4.136343684063286400e+17 1.294266553469841244e-11
4.184288507901576320e+17 1.528707612100043402e-11
4.232789065573561600e+17 1.804452014309622785e-11
4.281851798652407040e+17 2.128562741777034146e-11
4.331483223376411520e+17 2.509272251521390524e-11
4.381689931514185600e+17 2.956169428896518918e-11
4.432478591240409600e+17 3.480415292548745915e-11
4.483855948021181440e+17 4.094991686377314553e-11
4.535828825510200320e+17 4.814987787572237868e-11
4.588404126454752000e+17 5.657929932522818095e-11
4.641588833612791680e+17 6.644161023634522819e-11
4.695390010680053120e+17 7.797276640612621343e-11
4.749814803228514560e+17 9.144625951778613513e-11
4.804870439655124480e+17 1.071788661775756214e-10
4.860564232142148480e+17 1.255372411649068470e-10
4.916903577628021120e+17 1.469454731130939537e-10
4.973895958790078080e+17 1.718937365129398664e-10
5.031548945038046080e+17 2.009481915530028719e-10
5.089870193519695360e+17 2.347623031055565345e-10
5.148867450137487360e+17 2.740897723791960116e-10
5.208548550577676160e+17 3.197992996639317746e-10
5.268921421350666240e+17 3.728914244870390195e-10
5.329994080844104320e+17 4.345177207127461635e-10
5.391774640387494400e+17 5.060026590109055759e-10
5.454271305329847680e+17 5.888684880931154736e-10
5.517492376129117440e+17 6.848635295943390047e-10
5.581446249454977920e+17 7.959943299492192928e-10
5.646141419303660800e+17 9.245621665810100409e-10
5.711586478126446720e+17 1.073204465767006027e-09
5.777790117970494720e+17 1.244941756266816877e-09
5.844761131633649920e+17 1.443230856887603589e-09
5.912508413831869440e+17 1.672025078318054440e-09
5.981040962380956160e+17 1.935842310605496993e-09
6.050367879391211520e+17 2.239841968400317770e-09
6.120498372476715520e+17 2.589911877507976443e-09
6.191441755977835520e+17 2.992766309324377175e-09
6.263207452198704640e+17 3.456056505507566087e-09
6.335804992658241280e+17 3.988495184853746180e-09
6.409244019356469760e+17 4.599996689102646944e-09
6.483534286054713600e+17 5.301834605550887628e-09
6.558685659571448320e+17 6.106818903402958869e-09
6.634708121092336640e+17 7.029494839164126073e-09
6.711611767496300800e+17 8.086366125795691573e-09
6.789406812696098560e+17 9.296145122411778018e-09
6.868103588995321600e+17 1.068003308795518253e-08
6.947712548460225280e+17 1.226203385532570403e-08
7.028244264308367360e+17 1.406930462405946424e-08
7.109709432312423680e+17 1.613254794182477244e-08
7.192118872221207040e+17 1.848644935018931289e-08
7.275483529196217600e+17 2.117016561043614421e-08
7.359814475265785600e+17 2.422786890343495007e-08
7.445122910795128320e+17 2.770935291593755538e-08
7.531420165974391040e+17 3.167070728724656291e-08
7.618717702322983680e+17 3.617506749731009270e-08
7.707027114212318720e+17 4.129344793331485145e-08
7.796360130405221120e+17 4.710566657910665652e-08
7.886728615614172160e+17 5.370137053397069266e-08
7.978144572076613120e+17 6.118117238670324280e-08
8.070620141149524480e+17 6.965790835150861252e-08
8.164167604921455360e+17 7.925803001614457737e-08
8.258799387844289280e+17 9.012314256418416626e-08
8.354528058382854400e+17 1.024117034140487352e-07
8.451366330684738560e+17 1.163008963721083469e-07
8.549327066268367360e+17 1.319886976269120775e-07
8.648423275731744000e+17 1.496961512212462873e-07
8.748668120479896320e+17 1.696698730287807229e-07
8.850074914473456640e+17 1.921848037374260866e-07
8.952657125996382720e+17 2.175472329017481293e-07
9.056428379445312000e+17 2.460981177768972018e-07
9.161402457138502400e+17 2.782167223846776636e-07
9.267593301146901760e+17 3.143246040937267334e-07
9.375015015145269760e+17 3.548899769166318867e-07
9.483681866285946880e+17 4.004324827424628091e-07
9.593608287093127680e+17 4.515284038275761747e-07
9.704808877380326400e+17 5.088163520659808238e-07
9.817298406188820480e+17 5.730034728441572215e-07
9.931091813749821440e+17 6.448722036592339117e-07
1.004620421346811136e+18 7.252876301315191073e-07
1.016265089392997248e+18 8.152054845778011246e-07
1.028044732093307648e+18 9.156808349137217692e-07
1.039960913954122496e+18 1.027877514327583955e-06
1.052015217616156928e+18 1.153078344891970402e-06
1.064209244064726784e+18 1.292696211059111089e-06
1.076544612842313728e+18 1.448286041793191132e-06
1.089022962263732736e+18 1.621557762933575102e-06
1.101645949633654656e+18 1.814390284221791614e-06
1.114415251466790400e+18 2.028846588268988835e-06
1.127332563710484864e+18 2.267189991545436154e-06
1.140399601970035456e+18 2.531901650247987223e-06
1.153618101736476160e+18 2.825699386590247286e-06
1.166989818617149952e+18 3.151557913675520354e-06
1.180516528568803072e+18 3.512730539586985977e-06
1.194200028133534976e+18 3.912772433678283968e-06
1.208042134677326336e+18 4.355565540189926173e-06
1.222044686631491072e+18 4.845345226273870693e-06
1.236209543736766464e+18 5.386728753180648448e-06
1.250538587290393856e+18 5.984745660783587313e-06
1.265033720395901184e+18 6.644870156660348004e-06
1.279696868215944192e+18 7.373055601668751952e-06
1.294529978227913472e+18 8.175771184198199999e-06
1.309535020482670336e+18 9.060040875105898403e-06
1.324713987866114816e+18 1.003348475459524829e-05
1.340068896363953408e+18 1.110436280103115302e-05
1.355601785329366016e+18 1.228162122972496459e-05
1.371314717753948416e+18 1.357494146715273784e-05
1.387209780541618176e+18 1.499479184266981231e-05
1.403289084785875968e+18 1.655248207568011897e-05
1.419554766050098688e+18 1.826022063114043052e-05
1.436008984651263488e+18 2.013117501040270936e-05
1.452653925946778368e+18 2.217953503739931244e-05
1.469491800624820224e+18 2.442057919228169047e-05
1.486524844997854208e+18 2.687074403546805838e-05
1.503755321299741440e+18 2.954769675490542984e-05
1.521185517986101760e+18 3.247041085780273472e-05
1.538817750038349568e+18 3.565924501546848397e-05
1.556654359271058944e+18 3.913602505572432003e-05
1.574697714643089920e+18 4.292412908207088291e-05
1.592950212572119808e+18 4.704857568181511910e-05
1.611414277253023232e+18 5.153611516724071652e-05
1.630092360979737856e+18 5.641532377397926053e-05
1.648986944471068160e+18 6.171670071965981708e-05
1.668100537200055808e+18 6.747276800293778264e-05
1.687435677727379200e+18 7.371817279891059837e-05
1.706994934038404352e+18 8.048979228087132891e-05
1.726780903884359424e+18 8.782684067125543696e-05
1.746796215127242240e+18 9.577097829554391181e-05
1.767043526088950272e+18 1.043664223829017632e-04
1.787525525904231936e+18 1.136600593253351372e-04
1.808244934877955328e+18 1.237015580744868916e-04
1.829204504846290176e+18 1.345434843205435928e-04
1.850407019542305792e+18 1.462414150626970466e-04
1.871855294965575424e+18 1.588540531436822927e-04
1.893552179756299008e+18 1.724433412839693083e-04
1.915500555573523968e+18 1.870745751124844010e-04
1.937703337477992960e+18 2.028165146524661016e-04
1.960163474319181568e+18 2.197414936812238804e-04
1.982883949127075328e+18 2.379255263437087941e-04
2.005867779508229888e+18 2.574484103596044434e-04
2.029118018046682368e+18 2.783938261250968140e-04
2.052637752709248000e+18 3.008494309708523271e-04
2.076430107255779072e+18 3.249069478005126303e-04
2.100498241653911040e+18 3.506622472960379882e-04
2.124845352498887168e+18 3.782154228415337020e-04
2.149474673437976064e+18 4.076708572820776882e-04
2.174389475600084480e+18 4.391372806031776095e-04
2.199593068030070272e+18 4.727278175855901469e-04
2.225088798128374016e+18 5.085600244645968214e-04
2.250880052095457024e+18 5.467559135975680459e-04
2.276970255381684736e+18 5.874419651247490696e-04
2.303362873142126592e+18 6.307491245901518905e-04
2.330061410696929280e+18 6.768127854788330696e-04
2.357069413996723200e+18 7.257727556174867287e-04
2.384390470093725184e+18 7.777732063846633150e-04
2.412028207618001920e+18 8.329626036778083964e-04
2.439986297259555328e+18 8.914936195951815145e-04
2.468268452255687168e+18 9.535230238033882543e-04
2.496878428884332032e+18 1.019211553585187575e-03
2.525820026962779648e+18 1.088723761587930949e-03
2.555097090352512000e+18 1.162227840331456164e-03
2.584713507469558272e+18 1.239895422574266567e-03
2.614673211801097216e+18 1.321901356690845372e-03
2.644980182427714560e+18 1.408423456268458138e-03
2.675638444552050688e+18 1.499642223202191571e-03
2.706652070033235968e+18 1.595740543638742535e-03
2.738025177927863296e+18 1.696903356206887160e-03
2.769761935036884992e+18 1.803317292060850792e-03
2.801866556459201024e+18 1.915170286367644118e-03
2.834343306151303680e+18 2.032651160974068612e-03
2.867196497493775360e+18 2.155949178111222272e-03
2.900430493863985664e+18 2.285253565114918513e-03
2.934049709215793152e+18 2.420753010278922993e-03
2.968058608665596416e+18 2.562635130093671686e-03
3.002461709085555200e+18 2.711085908276774335e-03
3.037263579703305216e+18 2.866289107150711210e-03
3.072468842709009920e+18 3.028425652090462310e-03
3.108082173869057536e+18 3.197672989924046309e-03
3.144108303147271168e+18 3.374204422347523713e-03
3.180552015332913152e+18 3.558188415584827291e-03
3.217418150676378112e+18 3.749787887709582143e-03
3.254711605531841536e+18 3.949159475220268348e-03
3.292437333007775744e+18 4.156452780651656749e-03
3.330600343624581632e+18 4.371809603181108297e-03
3.369205705980274176e+18 4.595363154380793617e-03
3.408258547423444992e+18 4.827237261439734292e-03
3.447764054734471168e+18 5.067545560368450115e-03
3.487727474814170624e+18 5.316390681864441477e-03
3.528154115380890112e+18 5.573863432697052749e-03
3.569049345675222528e+18 5.840041975623427341e-03
3.610418597173344768e+18 6.114991011014063102e-03
3.652267364308168192e+18 6.398760963501876238e-03
3.694601205199309824e+18 6.691387177116952210e-03
3.737425742391056384e+18 6.992889122481638076e-03
3.780746663599356928e+18 7.303269619764793559e-03
3.824569722466991104e+18 7.622514081178670929e-03
3.868900739327983616e+18 7.950589776897094493e-03
3.913745601980376064e+18 8.287445128324895036e-03
3.959110266468466688e+18 8.633009032710498021e-03
4.005000757873603072e+18 8.987190223107125592e-03
4.051423171114655744e+18 9.349876667711903150e-03
4.098383671757253120e+18 9.720935012584593082e-03
4.145888496832919552e+18 1.010021007172964488e-02
4.193943955667177472e+18 1.048752436845321913e-02
4.242556430717785600e+18 1.088267773184445515e-02
4.291732378422148608e+18 1.128544695211108374e-02
4.341478330055101440e+18 1.169558549839144063e-02
4.391800892596077056e+18 1.211282330249712803e-02
4.442706749606892032e+18 1.253686661188581353e-02
4.494202662119132672e+18 1.296739791494798920e-02
4.546295469532408832e+18 1.340407594149001409e-02
4.598992090522428928e+18 1.384653574103326089e-02
4.652299523960199168e+18 1.429438884130317632e-02
4.706224849841271808e+18 1.474722348897527027e-02
4.760775230226377728e+18 1.520460497445736033e-02
4.815957910192340992e+18 1.566607604214013960e-02
4.871780218794641408e+18 1.613115738722367340e-02
4.928249570040503296e+18 1.659934823984467872e-02
4.985373463873903616e+18 1.707012703687368904e-02
5.043159487171348480e+18 1.754295218133985687e-02
5.101615314749844480e+18 1.801726288906081372e-02
5.160748710385896448e+18 1.849248012162279034e-02
5.220567527846985728e+18 1.896800760445936998e-02
5.281079711934319616e+18 1.944323292833232894e-02
5.342293299538363392e+18 1.991752873211432434e-02
5.404216420705903616e+18 2.039025396432486009e-02
5.466857299720192000e+18 2.086075522046933195e-02
5.530224256192888832e+18 2.132836815279011422e-02
5.594325706169389056e+18 2.179241894864879930e-02
5.659170163246230528e+18 2.225222587333573060e-02
5.724766239702190080e+18 2.270710087273515934e-02
5.791122647641746432e+18 2.315635123087953634e-02
5.858248200152548352e+18 2.359928127709131143e-02
5.926151812475540480e+18 2.403519413705346858e-02
5.994842503189421056e+18 2.446339352185763691e-02
6.064329395408049152e+18 2.488318554876895600e-02
6.134621717992518656e+18 2.529388058720572971e-02
6.205728806776487936e+18 2.569479512317908790e-02
6.277660105806513152e+18 2.608525363525550367e-02
6.350425168595948544e+18 2.646459047491690753e-02
6.424033659394203648e+18 2.683215174407655584e-02
6.498495354469875712e+18 2.718729716239096789e-02
6.573820143409598464e+18 2.752940191696329891e-02
6.650018030431105024e+18 2.785785848699057210e-02
6.727099135712350208e+18 2.817207843593679331e-02
6.805073696735192064e+18 2.847149416384946521e-02
6.883952069645510656e+18 2.875556061254247106e-02
6.963744730628207616e+18 2.902375691648304695e-02
7.044462277299051520e+18 2.927558799240192675e-02
7.126115430111730688e+18 2.951058606083817662e-02
7.208715033782150144e+18 2.972831209308552866e-02
7.292272058728297472e+18 2.992835717727398981e-02
7.376797602527746048e+18 3.011034379764516988e-02
7.462302891391092736e+18 3.027392702141648920e-02
7.548799281653446656e+18 3.041879558801711958e-02
7.636298261282226176e+18 3.054467289587785989e-02
7.724811451403415552e+18 3.065131788240024052e-02
7.814350607844526080e+18 3.073852579318329947e-02
7.904927622696436736e+18 3.080612883707531738e-02
7.996554525892329472e+18 3.085399672411483565e-02
8.089243486805954560e+18 3.088203708394901201e-02
8.183006815867372544e+18 3.089019576284690594e-02
8.277856966198489088e+18 3.087845699797207855e-02
8.373806535266471936e+18 3.084684346812886432e-02
8.470868266557419520e+18 3.079541622075377891e-02
8.569055051268329472e+18 3.072427447548139318e-02
8.668379930019791872e+18 3.063355530516859160e-02
8.768856094587408384e+18 3.052343319581376363e-02
8.870496889654421504e+18 3.039411948734689270e-02
8.973315814583501824e+18 3.024586169780123582e-02
9.077326525210242048e+18 3.007894273388894354e-02
9.182542835656262656e+18 2.989367999150760111e-02
9.288978720164515840e+18 2.969042435017710604e-02
9.396648314954672128e+18 2.946955906586934404e-02
9.505565920101210112e+18 2.923149856711562342e-02
9.615746001432076288e+18 2.897668715968841971e-02
9.727203192450557952e+18 2.870559764551729176e-02
9.839952296278206464e+18 2.841872986184998048e-02
9.954008287621539840e+18 2.811660914696634955e-02
1.006938631476024934e+19 2.779978473903696456e-02
1.018610170155977318e+19 2.746882811494153614e-02
1.030416994950585344e+19 2.712433127607484160e-02
1.042360673976403354e+19 2.676690498831409137e-02
1.054442793526166323e+19 2.639717698345903085e-02
1.066664958279540941e+19 2.601579012952353817e-02
1.079028791516181299e+19 2.562340057731833307e-02
1.091535935331393331e+19 2.522067589075351057e-02
1.104188050854157926e+19 2.480829316827459080e-02
1.116986818467824845e+19 2.438693716275843262e-02
1.129933938033219379e+19 2.395729840710756134e-02
1.143031129114481050e+19 2.352007135262143556e-02
1.156280131207373005e+19 2.307595252706700836e-02
1.169682703970387149e+19 2.262563871914403946e-02
1.183240627458375680e+19 2.216982519582232775e-02
1.196955702359045325e+19 2.170920395874097186e-02
1.210829750232036966e+19 2.124446204558709528e-02
1.224864613750933299e+19 2.077627988203296916e-02
1.239062156947913114e+19 2.030532968949140885e-02
1.253424265461402010e+19 1.983227395356892617e-02
1.267952846786431386e+19 1.935776395774049113e-02
1.282649830528062464e+19 1.888243838635700333e-02
1.297517168657584128e+19 1.840692200071447973e-02
1.312556835771845427e+19 1.793182439147942425e-02
1.327770829355426406e+19 1.745773881036643757e-02
1.343161170046018150e+19 1.698524108351808989e-02
1.358729901902706483e+19 1.651488860863247962e-02
1.374479092677539430e+19 1.604721943743697352e-02
1.390410834090066739e+19 1.558275144470541024e-02
1.406527242105239347e+19 1.512198158457783541e-02
1.422830457214349107e+19 1.466538523455345085e-02
1.439322644719409357e+19 1.421341562710677457e-02
1.456005995020645581e+19 1.376650336851021131e-02
1.472882723907504742e+19 1.332505604405086370e-02
1.489955072852850688e+19 1.288945790849137241e-02
1.507225309310758707e+19 1.246006966026212519e-02
1.524695727017569894e+19 1.203722829756864211e-02
1.542368646296630477e+19 1.162124705427425991e-02
1.560246414366364672e+19 1.121241541315434222e-02
1.578331405652119757e+19 1.081099919383761605e-02
1.596626022101421875e+19 1.041724071252972221e-02
1.615132693503092941e+19 1.003135901037944221e-02
1.633853877809856922e+19 9.653550147173568796e-03
1.652792061464897331e+19 9.283987556859328236e-03
1.671949759731984998e+19 8.922822461265682292e-03
1.691329517029650432e+19 8.570184338256044490e-03
1.710933907269010022e+19 8.226181440463980338e-03
1.730765534195727565e+19 7.890901360672252993e-03
1.750827031735719731e+19 7.564411639859565557e-03
1.771121064345090458e+19 7.246760413894205895e-03
1.791650327363895910e+19 6.937977094860383123e-03
1.812417547374239539e+19 6.638073083000679657e-03
1.833425482562285158e+19 6.347042505304371918e-03
1.854676923084701286e+19 6.064862976808090868e-03
1.876174691439115878e+19 5.791496380757195014e-03
1.897921642839103488e+19 5.526889663847798888e-03
1.919920665593278874e+19 5.270975642882372997e-03
1.942174681489028301e+19 5.023673819273374169e-03
1.964686646180440474e+19 4.784891197968607970e-03
1.987459549580985958e+19 4.554523107498286739e-03
2.010496416260492902e+19 4.332454018004071664e-03
2.033800305846984294e+19 4.118558354256386840e-03
2.057374313432907366e+19 3.912701300842128319e-03
2.081221569986341274e+19 3.714739596865648807e-03
2.105345242766699725e+19 3.524522317691949555e-03
2.129748535745523302e+19 3.341891641431457474e-03
2.154434690031877734e+19 3.166683598057223967e-03
2.179406984302958182e+19 2.998728799220511370e-03
2.204668735239403110e+19 2.837853147023180513e-03
2.230223297965940736e+19 2.683878520180467062e-03
2.256074066496854426e+19 2.536623436197103180e-03
2.282224474186900685e+19 2.395903688351065826e-03
2.308677994187162829e+19 2.261532956461612294e-03
2.335438139906481766e+19 2.133323390582351955e-03
2.362508465477940429e+19 2.011086166932387655e-03
2.389892566231052698e+19 1.894632015532499159e-03
2.417594079169123533e+19 1.783771719172854483e-03
2.445616683452449178e+19 1.678316583480165668e-03
2.473964100886806528e+19 1.578078877997120873e-03
2.502640096417921843e+19 1.482872248313823159e-03
2.531648478631347814e+19 1.392512099420003093e-03
2.560993100258462106e+19 1.306815950557925574e-03
2.590677858688000819e+19 1.225603761968024940e-03
2.620706696483855155e+19 1.148698234014155790e-03
2.651083601908530790e+19 1.075925079270097576e-03
2.681812609453018317e+19 1.007113268227309306e-03
2.712897800372458701e+19 9.420952493613309530e-04
2.744343303228368077e+19 8.807071443563075025e-04
2.776153294436792320e+19 8.227889193477530604e-04
2.808331998823175373e+19 7.681845330899476085e-04
2.840883690183295386e+19 7.167420629989977587e-04
2.873812691851069440e+19 6.683138100541199424e-04
2.907123377272569446e+19 6.227563835693852639e-04
2.940820170587066778e+19 5.799307668659737028e-04
2.974907547214431437e+19 5.397023648911305257e-04
3.009390034449724211e+19 5.019410348354740210e-04
3.044272212064293274e+19 4.665211008042459331e-04
3.079558712914229658e+19 4.333213535927431053e-04
3.115254223555478323e+19 4.022250366094812669e-04
3.151363484866482586e+19 3.731198189759354520e-04
3.187891292677636096e+19 3.458977568160638777e-04
3.224842498408445542e+19 3.204552437262749823e-04
3.262222009711659827e+19 2.966929513934812336e-04
3.300034791125288550e+19 2.745157613000876644e-04
3.338285864731750810e+19 2.538326884258631957e-04
3.376980310825094758e+19 2.345567978230862370e-04
3.416123268585517875e+19 2.166051149080521258e-04
3.455719936762143130e+19 1.998985302750730137e-04
3.495775574363264614e+19 1.843616998027668608e-04
3.536295501355046502e+19 1.699229407833361663e-04
3.577285099367862272e+19 1.565141247674073290e-04
3.618749812411284275e+19 1.440705677769026636e-04
3.660695147596891341e+19 1.325309184995837977e-04
3.703126675869931110e+19 1.218370450388004403e-04
3.746050032748981453e+19 1.119339207533798182e-04
3.789470919074671821e+19 1.027695096833343744e-04
3.833395101766589645e+19 9.429465201950401002e-05
3.877828414589461299e+19 8.646295003751636177e-05
3.922776758927707341e+19 7.923065488058802976e-05
3.968246104569485722e+19 7.255655454004513740e-05
4.014242490499309568e+19 6.640186334877187140e-05
4.060772025700369203e+19 6.073011326966623927e-05
4.107840889965634355e+19 5.550704723007860152e-05
4.155455334718879334e+19 5.070051472289512410e-05
4.203621683844700570e+19 4.628036986663330334e-05
4.252346334528686490e+19 4.221837208960648954e-05
4.301635758106782106e+19 3.848808957787972228e-05
4.351496500925054157e+19 3.506480560250077339e-05
4.401935185208860672e+19 3.192542781918037434e-05
4.452958509942660301e+19 2.904840061242408027e-05
4.504573251759444787e+19 2.641362053679518584e-05
4.556786265841068442e+19 2.400235488982071149e-05
4.609604486828419482e+19 2.179716343461713591e-05
4.663034929742735770e+19 1.978182327501723617e-05
4.717084690917003264e+19 1.794125687228810545e-05
4.771760948938750362e+19 1.626146317992902449e-05
4.827070965603168256e+19 1.472945186190517322e-05
4.883022086877885235e+19 1.333318054956122555e-05
4.939621743878305382e+19 1.206149508366710166e-05
4.996877453854888755e+19 1.090407268019761228e-05
5.054796821191225344e+19 9.851367951768887939e-06
5.113387538414331494e+19 8.894561710821456525e-06
5.172657387216003072e+19 8.025512475835881873e-06
5.232614239486667162e+19 7.236710597808031212e-06
5.293266058360545280e+19 6.521234921041330410e-06
5.354620899273613312e+19 5.872711889788406349e-06
5.416686911033135104e+19 5.285277010505010641e-06
5.479472336900292608e+19 4.753538578255783903e-06
5.542985515684651827e+19 4.272543575219390381e-06
5.607234882852038246e+19 3.837745649099758892e-06
5.672228971644525773e+19 3.444975079626397346e-06
5.737976414214139904e+19 3.090410642066441631e-06
5.804485942768960307e+19 2.770553277823421499e-06
5.871766390733261210e+19 2.482201483633402885e-06
5.939826693920337920e+19 2.222428332624858283e-06
6.008675891719693107e+19 1.988560042475099517e-06
6.078323128297211494e+19 1.778156008101481383e-06
6.148777653810029363e+19 1.588990218678161934e-06
6.220048825634692301e+19 1.419033981289890895e-06
6.292146109610350182e+19 1.266439876147729617e-06
6.365079081295551693e+19 1.129526871013100538e-06
6.438857427240425882e+19 1.006766525243896204e-06
6.513490946272782746e+19 8.967702167023453122e-07
6.588989550799956378e+19 7.982773275972849290e-07
6.665363268124893184e+19 7.101443281839686291e-07
6.742622241778348851e+19 6.313347000713581636e-07
6.820776732865664614e+19 5.609096436978335332e-07
6.899837121430025011e+19 4.980195172996906364e-07
6.979813907830639002e+19 4.418959574187566825e-07
7.060717714137780224e+19 3.918446336513729071e-07
7.142559285543104512e+19 3.472385929365290776e-07
7.225349491787221402e+19 3.075121511971878932e-07
7.309099328602888602e+19 2.721552925912475173e-07
7.393819919175873331e+19 2.407085389829327463e-07
7.479522515621797888e+19 2.127582545170960383e-07
7.566218500481063322e+19 1.879323523576232111e-07
7.653919388230123520e+19 1.658963727422268259e-07
7.742636826811277312e+19 1.463499035021412241e-07
7.832382599179172250e+19 1.290233161020693609e-07
7.923168624866261402e+19 1.136747920683649593e-07
8.015006961565379789e+19 1.000876163972942255e-07
8.107909806731694899e+19 8.806771616759169596e-08
8.201889499202178253e+19 7.744142412757740382e-08
8.296958520834914714e+19 6.805344848583531255e-08
8.393129498166339174e+19 5.976503151083875396e-08
8.490415204088754995e+19 5.245228083908547073e-08
8.588828559546223821e+19 4.600465860811566193e-08
8.688382635251192627e+19 4.032361467124506338e-08
8.789090653419927962e+19 3.532135121950887133e-08
8.890965989529167462e+19 3.091970713485856151e-08
8.994022174092016026e+19 2.704915133138137936e-08
9.098272894455567155e+19 2.364787521026572928e-08
9.203731996618193306e+19 2.066097516347259839e-08
9.310413487069085696e+19 1.803971681284915278e-08
9.418331534647921869e+19 1.574087336951334314e-08
9.527500472427300454e+19 1.372613114510117460e-08
9.637934799615755878e+19 1.196155584538004875e-08
9.749649183484095693e+19 1.041711383014708194e-08
9.862658461312789709e+19 9.066243034443945916e-09
9.976977642363210957e+19 7.885468717190999848e-09
1.009262190987044291e+20 6.854059637294021579e-09
1.020960662306047590e+20 5.953720656241209442e-09
1.032794731918956790e+20 5.168318132809592092e-09
1.044765971560805171e+20 4.483634811747816791e-09
1.056875971184800727e+20 3.887151216500172585e-09
1.069126339173477253e+20 3.367850838096183153e-09
1.081518702552293704e+20 2.916046670200581713e-09
1.094054707205743575e+20 2.523226875808064901e-09
1.106736018095970058e+20 2.181917585866725785e-09
1.119564319483879424e+20 1.885561025820175806e-09
1.132541315152817357e+20 1.628407344169454030e-09
1.145668728634872627e+20 1.405418679082393042e-09
1.158948303439807119e+20 1.212184146126073438e-09
1.172381803286599762e+20 1.044844563589516693e-09
1.185971012337675469e+20 9.000258527381127534e-10
1.199717735435885609e+20 7.747801597605188833e-10
1.213623798344236728e+20 6.665338451124001330e-10
1.227691047988360315e+20 5.730415753386044231e-10
1.241921352701789635e+20 4.923458331079950754e-10
1.256316602474121462e+20 4.227412339023956414e-10
1.270878709202054349e+20 3.627431032778117822e-10
1.285609606943296389e+20 3.110598275216465059e-10
1.300511252173415219e+20 2.665685434705998356e-10
1.315585624045705134e+20 2.282937807881228293e-10
1.330834724654070661e+20 1.953887126371322896e-10
1.346260579298911027e+20 1.671187088900936864e-10
1.361865236756088259e+20 1.428469202217119683e-10
1.377650769549054935e+20 1.220216520197575768e-10
1.393619274224137830e+20 1.041653143820614481e-10
1.409772871628967772e+20 8.886475886582333467e-11
1.426113707194135675e+20 7.576283441367284307e-11
1.442643951218158797e+20 6.455101426691145079e-11
1.459365799155751649e+20 5.496296293239999690e-11
1.476281471909390909e+20 4.676892761514991485e-11
1.493393216124259533e+20 3.977085216286452407e-11
1.510703304486655754e+20 3.379812367115764173e-11
1.528214036025864684e+20 2.870387263116295808e-11
1.545927736419478405e+20 2.436175701093339876e-11
1.563846758302254039e+20 2.066316908020866359e-11
1.581973481578601513e+20 1.751481123343374336e-11
1.600310313738695148e+20 1.483659364478863005e-11
1.618859690178199224e+20 1.255981239702970403e-11
1.637624074521695683e+20 1.062557184891243944e-11
1.656605958949915197e+20 8.983419520687083349e-12
1.675807864530761810e+20 7.590165752313902185e-12
1.695232341554121277e+20 6.408863886004920358e-12
1.714881969870547845e+20 5.407929798321515884e-12
1.734759359233932657e+20 4.560382306227903534e-12
1.754867149648144957e+20 3.843188339778925961e-12
1.775208011717635932e+20 3.236698850247533671e-12
1.795784647002104136e+20 2.724163240957374063e-12
1.816599788375328686e+20 2.291311699487717141e-12
1.837656200388164977e+20 1.925996201416639998e-12
1.858956679635688161e+20 1.617882171428526347e-12
1.880504055128591237e+20 1.358183848753146775e-12
1.902301188668945859e+20 1.139437329382927053e-12
1.924350975230324244e+20 9.553060639925491115e-13
1.946656343342263173e+20 8.004142926647004380e-13
1.969220255479181476e+20 6.702045083860765878e-13
1.992045708453871288e+20 5.608155722499267776e-13
2.015135733815550280e+20 4.689785644470985104e-13
2.038493398252464046e+20 3.919278552937849185e-13
2.062121803999153029e+20 3.273252275077632711e-13
2.086024089248504873e+20 2.731951815302774907e-13
2.110203428568587960e+20 2.278698158821469578e-13
2.134663033324245484e+20 1.899418995816473798e-13
2.159406152103576535e+20 1.582249481285368183e-13
2.184436071149428408e+20 1.317192824862831280e-13
2.209756114795894211e+20 1.095831953789049482e-13
2.235369645909796454e+20 9.110847411946951272e-14
2.261280066337288684e+20 7.569963677345039809e-14
2.287490817355704238e+20 6.285633105702134735e-14
2.314005380130644623e+20 5.215842500168054658e-14
2.340827276178294374e+20 4.325338684242760380e-14
2.367960067833088246e+20 3.584561033662651980e-14
2.395407358720879493e+20 2.968739212248074687e-14
2.423172794237590897e+20 2.457131093127984984e-14
2.451260062033339679e+20 2.032379547402466289e-14
2.479672892502170337e+20 1.679969949491918880e-14
2.508415059277541212e+20 1.387772956890158541e-14
2.537490379733561180e+20 1.145659436387866051e-14
2.566902715491951903e+20 9.451763848384324193e-15
2.596655972934883082e+20 7.792743783315262700e-15
2.626754103723838341e+20 6.420785207116592723e-15
2.657201105324495667e+20 5.286960864572939962e-15
2.688001021537607352e+20 4.350550947680835998e-15
2.719157943036030157e+20 3.577689377322090247e-15
2.750676007908067574e+20 2.940229383742806738e-15
2.782559402207114363e+20 2.414793537094654960e-15
2.814812360507581399e+20 1.981978803663971100e-15
2.847439166467259433e+20 1.625691802165120131e-15
2.880444153396297728e+20 1.332593330230017658e-15
2.913831704832776602e+20 1.091634528894242747e-15
2.947606255124858470e+20 8.936698421063753820e-16
2.981772290019685827e+20 7.311342856451524652e-16
3.016334347259197522e+20 5.977745306491144142e-16
3.051297017182858117e+20 4.884249869371105157e-16
3.086664943337274737e+20 3.988214878696431793e-16
3.122442823092870840e+20 3.254463720504795993e-16
3.158635408267819090e+20 2.653997620374661272e-16
3.195247505759200215e+20 2.162926855982637732e-16
3.232283978181380669e+20 1.761583956840221586e-16
3.269749744511781437e+20 1.433788422179505103e-16
3.307649780744242463e+20 1.166237498205450896e-16
3.345989120549961073e+20 9.480017580453327902e-17
3.384772855945982771e+20 7.701077493704157966e-17
3.424006137971439698e+20 6.251929237922857051e-17
3.463694177371734016e+20 5.072205299500125859e-17
3.503842245290661642e+20 4.112442156905332225e-17
3.544455673970435686e+20 3.332138088430044939e-17
3.585539857459831767e+20 2.698151855295583071e-17
3.627100252330648535e+20 2.183383358340949591e-17
3.669142378402478817e+20 1.765687377478073309e-17
3.711671819475767132e+20 1.426979842335940445e-17
3.754694224073352151e+20 1.152503023959731684e-17
3.798215306190735933e+20 9.302218110435858432e-18
3.842240846055045202e+20 7.503280328301224101e-18
3.886776690892667617e+20 6.048337761517102738e-18
3.931828755705786532e+20 4.872379514923267282e-18
3.977403024058036388e+20 3.922531056872067236e-18
4.023505548869276795e+20 3.155817516570197536e-18
4.070142453219438756e+20 2.537333675142759306e-18
4.117319931161696010e+20 2.038747745341181218e-18
4.165044248545184973e+20 1.637078909438786747e-18
4.213321743847271956e+20 1.313699221742187292e-18
4.262158829015325082e+20 1.053519263706465989e-18
4.311561990318245806e+20 8.443241841255472760e-19
4.361537789208005837e+20 6.762327288919594846e-19
4.412092863191171727e+20 5.412567842448056766e-19
4.463233926710397501e+20 4.329430067779486768e-19
4.514967772036120576e+20 3.460814441911846832e-19
4.567301270168746721e+20 2.764687883542182872e-19
4.620241371751293911e+20 2.207161506803102367e-19
4.673795107992463606e+20 1.760930951186496418e-19
4.727969591600410132e+20 1.404011774330483728e-19
4.782772017727485379e+20 1.118714796435226358e-19
4.838209664925937172e+20 8.908164412249140716e-20
4.894289896114531860e+20 7.088874292093845682e-20
4.951020159556371743e+20 5.637499748291571127e-20
5.008407989848212111e+20 4.480391920031923542e-20
5.066461008921247744e+20 3.558489466350383581e-20
5.125186927053332808e+20 2.824460940233002974e-20
5.184593543892934328e+20 2.240400553093936337e-20
5.244688749495118725e+20 1.775971444641564763e-20
5.305480525369552404e+20 1.406910579383165004e-20
5.366976945540475781e+20 1.113825666898025838e-20
5.429186177618964644e+20 8.812277344715520858e-21
5.492116483887789507e+20 6.967537293784470273e-21
5.555776222398855250e+20 5.505422535625172012e-21
5.620173848083188285e+20 4.347326113805275918e-21
5.685317913873776640e+20 3.430630883885909554e-21
5.751217071841613578e+20 2.705490264072816002e-21
5.817880074344911340e+20 2.132250216853174959e-21
5.885315775191450255e+20 1.679386154811728067e-21
5.953533130814394204e+20 1.321853054854770837e-21
6.022541201461928264e+20 1.039766926457386406e-21
6.092349152400686449e+20 8.173518093823761898e-22
6.162966255132942008e+20 6.420994044369228851e-22
6.234401888627889275e+20 5.040988599005567351e-22
6.306665540567405691e+20 3.955026271871574392e-22
6.379766808606256660e+20 3.101010520230770866e-22
6.453715401646701281e+20 2.429837978657837196e-22
6.528521141127873823e+20 1.902705622389698112e-22
6.604193962330305331e+20 1.488970510555611530e-22
6.680743915695586673e+20 1.164449881254212378e-22
6.758181168161110098e+20 9.100719203677882151e-23
6.836516004510266819e+20 7.108055954309722506e-23
6.915758828738525266e+20 5.548124146938082219e-23
6.995920165435345469e+20 4.327745489216050411e-23
7.077010661181888922e+20 3.373630106552754701e-23
7.159041085964917146e+20 2.628169823260318818e-23
7.242022334607315436e+20 2.046112904889086216e-23
7.325965428215199826e+20 1.591937356173392650e-23
7.410881515641569280e+20 1.237777439759459050e-23
7.496781874966908109e+20 9.617880151599369776e-24
7.583677914997190820e+20 7.468551303699479209e-24
7.671581176779271045e+20 5.795802603659107054e-24
7.760503335133570662e+20 4.494806621882019435e-24
7.850456200204540969e+20 3.483602934876090716e-24
7.941451719029340242e+20 2.698152503002126856e-24
8.033501977124701471e+20 2.088452237223911143e-24
8.126619200091945697e+20 1.615484558986485050e-24
8.220815755240574812e+20 1.248824138527428694e-24
8.316104153230961541e+20 9.647615071075177535e-25
8.412497049736084193e+20 7.448329132450953507e-25
8.510007247122245878e+20 5.746692522371144758e-25
8.608647696149280195e+20 4.430954307684650924e-25
8.708431497690724434e+20 3.414261585618300598e-25
8.809371904473955041e+20 2.629157003608772997e-25
8.911482322840201462e+20 2.023282197729714706e-25
9.014776314524954788e+20 1.556025137294106960e-25
9.119267598459298120e+20 1.195905784063799861e-25
9.224970052592136356e+20 9.185388580012508811e-26
9.331897715733238907e+20 7.050473912210553180e-26
9.440064789417641902e+20 5.408281591920262567e-26
9.549485639791966945e+20 4.145915927930808524e-26
9.660174799522606612e+20 3.176156516750300725e-26
9.772146969725724262e+20 2.431663689288750905e-26
9.885417021919613420e+20 1.860481402536386969e-26
1.000000000000000000e+21 1.422549429887634590e-26
