1.000000000000000000e+05 0.000000000000000000e+00
1.039255682936713129e+05 0.000000000000000000e+00
1.080052374516253913e+05 0.000000000000000000e+00
1.122450568085305858e+05 0.000000000000000000e+00
1.166513131698196230e+05 0.000000000000000000e+00
1.212305401337652875e+05 0.000000000000000000e+00
1.259895277795028524e+05 0.000000000000000000e+00
1.309353327353609493e+05 0.000000000000000000e+00
1.360752886424333265e+05 0.000000000000000000e+00
1.414170170289023954e+05 0.000000000000000000e+00
1.469684386112447537e+05 0.000000000000000000e+00
1.527377850390712556e+05 0.000000000000000000e+00
1.587336111010208551e+05 0.000000000000000000e+00
1.649648074098020734e+05 0.000000000000000000e+00
1.714406135851971922e+05 0.000000000000000000e+00
1.781706319545728911e+05 0.000000000000000000e+00
1.851648417912154109e+05 0.000000000000000000e+00
1.924336141115979990e+05 0.000000000000000000e+00
1.999877270535287098e+05 0.000000000000000000e+00
2.078383818579755316e+05 0.000000000000000000e+00
2.159972194782717270e+05 0.000000000000000000e+00
2.244763378413223836e+05 0.000000000000000000e+00
2.332883097864158335e+05 0.000000000000000000e+00
2.424462017082330713e+05 0.000000000000000000e+00
2.519635929317013652e+05 0.000000000000000000e+00
2.618545958474232757e+05 0.000000000000000000e+00
2.721338768375308719e+05 0.000000000000000000e+00
2.828166780230035074e+05 0.000000000000000000e+00
2.939188398646884016e+05 0.000000000000000000e+00
3.054568246515431674e+05 0.000000000000000000e+00
3.174477409109193250e+05 0.000000000000000000e+00
3.299093687770942342e+05 0.000000000000000000e+00
3.428601863556583412e+05 0.000000000000000000e+00
3.563193971228583832e+05 0.000000000000000000e+00
3.703069584005140932e+05 0.000000000000000000e+00
3.848436109487432986e+05 0.000000000000000000e+00
3.999509097203661222e+05 0.000000000000000000e+00
4.156512558225988178e+05 0.000000000000000000e+00
4.319679297334173461e+05 0.000000000000000000e+00
4.489251258218607400e+05 0.000000000000000000e+00
4.665479882234468241e+05 0.000000000000000000e+00
4.848626481239077984e+05 0.000000000000000000e+00
5.038962625065150205e+05 0.000000000000000000e+00
5.236770544204655453e+05 0.000000000000000000e+00
5.442343548300272087e+05 0.000000000000000000e+00
5.655986461065001786e+05 0.000000000000000000e+00
5.878016072274912149e+05 0.000000000000000000e+00
6.108761607505040010e+05 0.000000000000000000e+00
6.348565216305210488e+05 0.000000000000000000e+00
6.597782479539533379e+05 0.000000000000000000e+00
6.856782936641738052e+05 0.000000000000000000e+00
7.125950633568410994e+05 0.000000000000000000e+00
7.405684692262442550e+05 0.000000000000000000e+00
7.696399902471150272e+05 0.000000000000000000e+00
7.998527336796708405e+05 0.000000000000000000e+00
8.312514989890631987e+05 0.000000000000000000e+00
8.638828442740453174e+05 0.000000000000000000e+00
8.977951553033313248e+05 0.000000000000000000e+00
9.330387172620360507e+05 0.000000000000000000e+00
9.696657893145519774e+05 0.000000000000000000e+00
1.007730682094461750e+06 0.000000000000000000e+00
1.047289838236357435e+06 0.000000000000000000e+00
1.088401916069005383e+06 0.000000000000000000e+00
1.131127876593921334e+06 0.000000000000000000e+00
1.175531073878369993e+06 0.000000000000000000e+00
1.221677348996793153e+06 0.000000000000000000e+00
1.269635127659972757e+06 0.000000000000000000e+00
1.319475521676705917e+06 0.000000000000000000e+00
1.371272434398400830e+06 0.000000000000000000e+00
1.425102670302996412e+06 0.000000000000000000e+00
1.481046048880673945e+06 0.000000000000000000e+00
1.539185522990205325e+06 0.000000000000000000e+00
1.599607301861487795e+06 0.000000000000000000e+00
1.662400978926613461e+06 0.000000000000000000e+00
1.727659664669034770e+06 0.000000000000000000e+00
1.795480124687830452e+06 0.000000000000000000e+00
1.865962923181745922e+06 0.000000000000000000e+00
1.939212572065830929e+06 0.000000000000000000e+00
2.015337685941735283e+06 0.000000000000000000e+00
2.094451143151468830e+06 0.000000000000000000e+00
2.176670253153459169e+06 0.000000000000000000e+00
2.262116930469026323e+06 0.000000000000000000e+00
2.350917875457284506e+06 0.000000000000000000e+00
2.443204762186486740e+06 0.000000000000000000e+00
2.539114433680347167e+06 0.000000000000000000e+00
2.638789104828934651e+06 0.000000000000000000e+00
2.742376573264952283e+06 0.000000000000000000e+00
2.850030438518105075e+06 0.000000000000000000e+00
2.961910329772553407e+06 0.000000000000000000e+00
3.078182142565079965e+06 0.000000000000000000e+00
3.199018284775060602e+06 0.000000000000000000e+00
3.324597932270938065e+06 0.000000000000000000e+00
3.455107294592218008e+06 0.000000000000000000e+00
3.590739891061055008e+06 0.000000000000000000e+00
3.731696837732755579e+06 0.000000000000000000e+00
3.878187145610719454e+06 0.000000000000000000e+00
4.030428030568050686e+06 0.000000000000000000e+00
4.188645235435271170e+06 0.000000000000000000e+00
4.353073364731892012e+06 0.000000000000000000e+00
4.523956232538058423e+06 0.000000000000000000e+00
4.701547224022129551e+06 0.000000000000000000e+00
4.886109671160326339e+06 0.000000000000000000e+00
5.077917243205402978e+06 0.000000000000000000e+00
5.277254352483532391e+06 0.000000000000000000e+00
5.484416576121015474e+06 0.000000000000000000e+00
5.699711094326075166e+06 0.000000000000000000e+00
5.923457145875805989e+06 0.000000000000000000e+00
6.155986501483513974e+06 0.000000000000000000e+00
6.397643955748423934e+06 0.000000000000000000e+00
6.648787838417262770e+06 0.000000000000000000e+00
6.909790545715644956e+06 0.000000000000000000e+00
7.181039092537341639e+06 1.082982726137114624e-298
7.462935686310129240e+06 6.581568076683590506e-279
7.755898323389001191e+06 1.798244295294418257e-260
8.060361408861344680e+06 2.765460897731853752e-243
8.376776400682924315e+06 2.928561950469107766e-227
8.705612479099856690e+06 2.579401010696809389e-212
9.047357242349293083e+06 2.244725536279425124e-198
9.402517429670132697e+06 2.268470986175389622e-185
9.771619672696182504e+06 3.100494288043460962e-173
1.015521127634569071e+07 6.573296054149744450e-162
1.055386103036523052e+07 2.460932837588192709e-151
1.096816005273137987e+07 1.834834198992001875e-141
1.139872266616052575e+07 3.045284771096590117e-132
1.184618730902682431e+07 1.247757853207645109e-123
1.231121748203889653e+07 1.387854391507180486e-115
1.279450273207873479e+07 4.603864948441827205e-108
1.329675967466210015e+07 4.922520219370176993e-101
1.381873305653633550e+07 1.836880033254954282e-94
1.436119685999077372e+07 2.566201361858266768e-88
1.492495545051829144e+07 1.438337564037915233e-82
1.551084476952840574e+07 3.433149132970247724e-77
1.611973357388155349e+07 3.698581986912800324e-72
1.675252472408217192e+07 1.897494706466217323e-67
1.741015652304015309e+07 4.872486668016218074e-63
1.809360410738716647e+07 6.559281878103077339e-59
1.880388089340916649e+07 4.832848475835403442e-55
1.954204007974051312e+07 2.028317144674644646e-51
2.030917620904734731e+07 5.023666452857582078e-48
2.110642679101554677e+07 7.643918922963373025e-45
2.193497398905055597e+07 7.339130146560935347e-42
2.279604637318982184e+07 4.593211311086963099e-39
2.369092074182632193e+07 1.922946070332670232e-36
2.462092401494625583e+07 5.537445980093718647e-34
2.558743520168589056e+07 1.123314590638491528e-31
2.659188744512690976e+07 1.641081021496538554e-29
2.763577014736157283e+07 1.763265032363776114e-27
2.872063117797828093e+07 1.420454652150216045e-25
2.984807916924321279e+07 8.739863009956127109e-24
3.101978590138100088e+07 4.176821221915656369e-22
3.223748878149027005e+07 1.574203332816460894e-20
3.350299341977229714e+07 4.748534374174868802e-19
3.481817630688966811e+07 1.162061199746819554e-17
3.618498759642742574e+07 2.336315506590315865e-16
3.760545399658175558e+07 3.904454179171034794e-15
3.908168177536264062e+07 5.483361195836388794e-14
4.061585988376979530e+07 6.537852278269304907e-13
4.221026320156902820e+07 6.680508408578679693e-12
4.386725591048493981e+07 5.901330128430507599e-11
4.558929499981059134e+07 4.544130269116655443e-10
4.737893390963143855e+07 3.073127544202033585e-09
4.923882631706731766e+07 1.838288082690278379e-08
5.117173007114610076e+07 9.791604342827563271e-08
5.318051128214196861e+07 4.671922241296672553e-07
5.526814857144603133e+07 2.008260087568541282e-06
5.743773748826587200e+07 7.818610712773174095e-06
5.969249509970727563e+07 2.770317877841859186e-05
6.203576476104268432e+07 8.974231741656468059e-05
6.447102107323869318e+07 2.668959133920590482e-04
6.700187503509576619e+07 7.315764870035938684e-04
6.963207939763890207e+07 1.854797210235114516e-03
7.236553422869649529e+07 4.364057257959542795e-03
7.520629269592407346e+07 9.557779108241957686e-03
7.815856707684090734e+07 1.953903082235603286e-02
8.122673500479702652e+07 3.738036646113616218e-02
8.441534596012993157e+07 6.707850944847430774e-02
8.772912801613356173e+07 1.131434813599867528e-01
9.117299484984922409e+07 1.797299128623933429e-01
9.475205302806547284e+07 2.693375556595012932e-01
9.847160957933764160e+07 3.813453838703513843e-01
1.023371798632517159e+08 5.108365830373847727e-01
1.063544957486011237e+08 6.481671346082594765e-01
1.105295141126019806e+08 7.797649901310481635e-01
1.148684256737554818e+08 8.902095880507659986e-01
1.193776641714435816e+08 9.651093488635621442e-01
1.240639159058829248e+08 9.941472125693462392e-01
1.289341296525715739e+08 9.733665466757775997e-01
1.339955269659337103e+08 9.060593502734926030e-01
1.392556128874464631e+08 8.014639689911542408e-01
1.447221870741134286e+08 6.748583282478021195e-01
1.504033553638022244e+08 5.398671616240529048e-01
1.563075417945817411e+08 4.104086226855939157e-01
1.624435010958865285e+08 2.963429333706470437e-01
1.688203316700366139e+08 2.031245053100972364e-01
1.754474890833459795e+08 1.320673404868313305e-01
1.823348000868438482e+08 8.137595942317231434e-02
1.894924771873823702e+08 4.746584819039002118e-02
1.969311337907421887e+08 2.617838138374214280e-02
2.046617999391994178e+08 1.363328838522767650e-02
2.126959386668691933e+08 6.693797890501473370e-03
2.210454629971019328e+08 3.093340722135095189e-03
2.297227536071146429e+08 1.342916417804303729e-03
2.387406771860646904e+08 5.466096331309003385e-04
2.481126055137765408e+08 2.081198883930129807e-04
2.578524352884276509e+08 7.394448545374174883e-05
2.679746087325689495e+08 2.445504369594989267e-05
2.784941350080638528e+08 7.506104868656959061e-06
2.894266124716751575e+08 2.131874890898205644e-06
3.007882518043096066e+08 5.584017059586225119e-07
3.125959000482284427e+08 1.344305470652747336e-07
3.248670655878374577e+08 2.962996842780472121e-08
3.376199441111333370e+08 5.955563536306590288e-09
3.508734455902714729e+08 1.086883093773358679e-09
3.646472223212745190e+08 1.792655152005128400e-10
3.789616980644723773e+08 2.659294050721249135e-11
3.938380983288488984e+08 3.529186475694936541e-12
4.092984818452433944e+08 4.166699066753931064e-13
4.253657732750391960e+08 4.350314237655006186e-14
4.420637972028530240e+08 3.991073070981323073e-15
4.594173134636485577e+08 3.195529880398785953e-16
4.774520538566131592e+08 2.216814082357727510e-17
4.961947603002898097e+08 1.322321464271331912e-18
5.156732244854952693e+08 6.725749476126194046e-20
5.359163290848514438e+08 2.891939471673586220e-21
5.569540905800124407e+08 1.041416432746238019e-22
5.788177037701280117e+08 3.108656746933891755e-24
6.015395880274832249e+08 7.616872770172928525e-26
6.251534353689699173e+08 1.513604944349891952e-27
6.496942604146125317e+08 2.411715014133486198e-29
6.751984523072494268e+08 3.040828043661729054e-31
7.017038286703836918e+08 2.993554123232328412e-33
7.292496916841443777e+08 2.267728819032802185e-35
7.578768863625915051e+08 1.301793675393740592e-37
7.876278611187063456e+08 5.570286080285647256e-40
8.185467307069020271e+08 1.746040009013225897e-42
8.506793416364170313e+08 3.935858536603475867e-45
8.840733401525062323e+08 6.254035763113679378e-48
9.187782428863321543e+08 6.859484831882556506e-51
9.548455102782303095e+08 5.079110955359577743e-54
9.923286228832545280e+08 2.478361401395200395e-57
1.031283160672186852e+09 7.773131414227976371e-61
1.071766885445503354e+09 1.524698626659427803e-64
1.113839826482618332e+09 1.817679018993300174e-68
1.157564369553301096e+09 1.277308491979919358e-72
1.203005349423324108e+09 5.123366470291502359e-77
1.250230145991458654e+09 1.132183699256607902e-81
1.299308784200417042e+09 1.329833279968251687e-86
1.350314037869872093e+09 7.975960337736363541e-92
1.403321537605481863e+09 2.342746181774362697e-97
1.458409882943986416e+09 3.225088207192201828e-103
1.515660758900601149e+09 1.983206290691966712e-109
1.575159057091624498e+09 5.180128805923961589e-116
1.636993001611701965e+09 5.446222910923048742e-123
1.701254279852585793e+09 2.176319572248313745e-130
1.768038178457201481e+09 3.108746500343308771e-138
1.837443724610724926e+09 1.487320879674875512e-146
1.909573832878100634e+09 2.222117069521050977e-155
1.984535457805803299e+09 9.643601263220477980e-165
2.062439752514088392e+09 1.122555099793204107e-174
2.143402233514850140e+09 3.217865126500345871e-185
2.227542951999556541e+09 2.079131274783612904e-196
2.314986671851165771e+09 2.752460940007201970e-208
2.405863054644066811e+09 6.732950256193291367e-221
2.500306851906321526e+09 2.733245973428099344e-234
2.598458104929241657e+09 1.638526949230773743e-248
2.700462352420681953e+09 1.283354337034112413e-263
2.806470846309844494e+09 1.147040656458232926e-279
2.916640776023706913e+09 1.017472713491592342e-296
3.031135501567575932e+09 0.000000000000000000e+00
3.150124795755321503e+09 0.000000000000000000e+00
3.273785095948576927e+09 0.000000000000000000e+00
3.402299765678064346e+09 0.000000000000000000e+00
3.535859366535182953e+09 0.000000000000000000e+00
3.674661940736688137e+09 0.000000000000000000e+00
3.818913304781846523e+09 0.000000000000000000e+00
3.968827354637149811e+09 0.000000000000000000e+00
4.124626382901348114e+09 0.000000000000000000e+00
4.286541408420933723e+09 0.000000000000000000e+00
4.454812518844988823e+09 0.000000000000000000e+00
4.629689226627258301e+09 0.000000000000000000e+00
4.811430839003244400e+09 0.000000000000000000e+00
5.000306842491089821e+09 0.000000000000000000e+00
5.196597302486207962e+09 0.000000000000000000e+00
5.400593278542373657e+09 0.000000000000000000e+00
5.612597255954965591e+09 0.000000000000000000e+00
5.832923594286188126e+09 0.000000000000000000e+00
6.061898993497571945e+09 0.000000000000000000e+00
6.299862978380705833e+09 0.000000000000000000e+00
6.547168402004742622e+09 0.000000000000000000e+00
6.804181968927093506e+09 0.000000000000000000e+00
7.071284778942981720e+09 0.000000000000000000e+00
7.348872892180387497e+09 0.000000000000000000e+00
7.637357916378011703e+09 0.000000000000000000e+00
7.937167617217558861e+09 0.000000000000000000e+00
8.248746552614581108e+09 0.000000000000000000e+00
8.572556731909307480e+09 0.000000000000000000e+00
8.909078300934106827e+09 0.000000000000000000e+00
9.258810253973945618e+09 0.000000000000000000e+00
9.622271173675153732e+09 0.000000000000000000e+00
1.000000000000000000e+10 0.000000000000000000e+00
