5.000000591660241217e-02 2.151101039994680636e-09
5.425262156941272618e-02 2.144471706210212163e-09
5.886693197723347204e-02 2.137851636946407638e-09
6.387370011195840636e-02 2.131241033390472309e-09
6.930630540708761222e-02 2.124638724119861447e-09
7.520096629381296804e-02 2.118045366899121562e-09
8.159698166430996713e-02 2.111461462496596480e-09
8.853699287203858903e-02 2.104886655730782065e-09
9.606726801577343544e-02 2.098320216315693707e-09
1.042380104026447846e-01 2.091763449780123074e-09
1.131036932466721739e-01 2.085216220544497094e-09
1.227234228341789191e-01 2.078677163301333935e-09
1.331613325772614542e-01 2.072147552127072786e-09
1.444870105824135886e-01 2.065627403625540926e-09
1.567759635848474109e-01 2.059116091083491597e-09
1.701101203414961127e-01 2.052613466500214087e-09
1.845783778387514174e-01 2.046120339804826556e-09
2.002771939564265691e-01 2.039636434882008208e-09
2.173112305391546040e-01 2.033160736032526240e-09
2.357940511624901092e-01 2.026694456968532540e-09
2.558488782456245225e-01 2.020237644471068248e-09
2.776094145582817529e-01 2.013789395193188678e-09
3.012207345986669393e-01 2.007350231610217586e-09
3.268402517851631828e-01 2.000920476710564735e-09
3.546387679099087809e-01 1.994499900900294753e-09
3.848016118508185146e-01 1.988087808678214880e-09
4.175298751336845582e-01 1.981685057111402920e-09
4.530417525816801128e-01 1.975291927705445881e-09
4.915739969901900541e-01 1.968907084570886531e-09
5.333834975250865140e-01 1.962531525789119049e-09
5.787489923674121739e-01 1.956165435700002328e-09
6.279729270224401194e-01 1.949808346062262324e-09
6.813834706821958465e-01 1.943459889845124444e-09
7.393367040842575566e-01 1.937120954864890222e-09
8.022189934529854183e-01 1.930791486776355483e-09
8.704495663499195457e-01 1.924470255147180735e-09
9.444833066061877336e-01 1.918158478202151655e-09
1.024813786970347751e+00 1.911856221140977541e-09
1.111976559689916044e+00 1.905562773350807660e-09
1.206552726964434497e+00 1.899278177582103755e-09
1.309172815073787577e+00 1.893003074570077143e-09
1.420520978010062052e+00 1.886737502802414782e-09
1.541339558637971896e+00 1.880480096037212330e-09
1.672434037792484451e+00 1.874232261649062912e-09
1.814678404308598614e+00 1.867993882705275369e-09
1.969020981784517010e+00 1.861764379714570432e-09
2.136490750924450399e+00 1.855543793298465735e-09
2.318204209611240074e+00 1.849332730704896460e-09
2.515372816443945503e+00 1.843131083101733402e-09
2.729311067365455923e+00 1.836937760896393933e-09
2.961445259225876647e+00 1.830754037321097951e-09
3.213322998707162981e+00 1.824579749613917216e-09
3.486623520003701682e+00 1.818414335448672387e-09
3.783168880045368443e+00 1.812257895390503630e-09
4.104936105900107712e+00 1.806110948819848572e-09
4.454070375341074417e+00 1.799973572104169345e-09
4.832899318451352677e+00 1.793844440344479169e-09
5.243948535613104589e+00 1.787724887163938036e-09
5.689958435337442388e+00 1.781614890981371505e-09
6.173902504190468044e+00 1.775513790507558987e-09
6.699007130618662487e+00 1.769421683153881803e-09
7.268773114836226235e+00 1.763339079372167919e-09
7.886999008177872028e+00 1.757266033214291479e-09
8.557806437517392339e+00 1.751201365862228350e-09
9.285667583586233675e+00 1.745146231017761655e-09
1.007543499638647511e+01 1.739100665639796997e-09
1.093237394647325900e+01 1.733064075744622886e-09
1.186219752778827896e+01 1.727036401981347742e-09
1.287110474607023392e+01 1.721018287694754288e-09
1.396582184677209604e+01 1.715009744565008935e-09
1.515364715801315221e+01 1.709009754708654911e-09
1.644249974752721855e+01 1.703019188566693373e-09
1.784097221799637367e+01 1.697038153668955465e-09
1.935838799274955235e+01 1.691066387715708768e-09
2.100486347374158669e+01 1.685103307368276659e-09
2.279137548621149278e+01 1.679149889582766028e-09
2.472983445966446325e+01 1.673206000327346824e-09
2.683316383306474151e+01 1.667270903466583305e-09
2.911538621362297263e+01 1.661345043788140087e-09
3.159171686358712350e+01 1.655428773497725611e-09
3.427866513829985706e+01 1.649521970818113880e-09
3.719414455179672530e+01 1.643623747847019175e-09
4.035759220373671496e+01 1.637735106174245108e-09
4.379009836386812538e+01 1.631856073681895322e-09
4.751454707795228671e+01 1.625986102012184549e-09
5.155576873254407388e+01 1.620125126351821328e-09
5.594070559575919077e+01 1.614273799571664187e-09
6.069859143766442600e+01 1.608432018645102869e-09
6.586114642779567419e+01 1.602598943289348289e-09
7.146278860915936093e+01 1.596775307211923779e-09
7.754086335858409029e+01 1.590961317783034302e-09
8.413589236320355269e+01 1.585156660559260063e-09
9.129184377296358832e+01 1.579360784105437147e-09
9.905642533022115970e+01 1.573574515877777521e-09
1.074814024306909488e+02 1.567797882801411102e-09
1.166229432362090961e+02 1.562030315769688344e-09
1.265419931401297617e+02 1.556271851105221466e-09
1.373046810818694041e+02 1.550523036466880236e-09
1.489827604194360049e+02 1.544783823535866838e-09
1.616540872991834874e+02 1.539053348780450821e-09
1.754031397120156726e+02 1.533332380404693122e-09
1.903215806965137347e+02 1.527621038031565767e-09
2.065088694437905019e+02 1.521919163053088521e-09
2.240729243782162996e+02 1.516226086272417069e-09
2.431308426346893441e+02 1.510542641341086639e-09
2.638096807291047412e+02 1.504868845023830783e-09
2.862473016266451964e+02 1.499204224374316093e-09
3.105932938551776488e+02 1.493548739447542456e-09
3.370099687913670437e+02 1.487902851589330642e-09
3.656734427682649198e+02 1.482266683405250278e-09
3.967748112186432650e+02 1.476639438667547657e-09
4.305214226819234682e+02 1.471021522028811311e-09
4.671382611683239929e+02 1.465413349178073268e-09
5.068694460962713606e+02 1.459814810999913575e-09
5.499798598029334471e+02 1.454224998056381687e-09
5.967569134782772835e+02 1.448644825781450099e-09
6.475124632958786606e+02 1.443074279920743174e-09
7.025848895150816134e+02 1.437513250918917356e-09
7.623413524155733967e+02 1.431961213315444015e-09
8.271802401043955797e+02 1.426418806673328346e-09
8.975338245145782139e+02 1.420886072431019414e-09
9.738711433025764563e+02 1.415362618115719011e-09
1.056701126857710506e+03 1.409848317566039048e-09
1.146575991270980921e+03 1.404343761778340225e-09
1.244094919883675402e+03 1.398848839823845877e-09
1.349908057960171391e+03 1.393363085185870819e-09
1.464720847116865116e+03 1.387886653326671255e-09
1.589298728404243548e+03 1.382419930304643969e-09
1.724472245396951848e+03 1.376962917044412068e-09
1.871142581313390110e+03 1.371514921202218253e-09
2.030287567080101326e+03 1.366076450313489672e-09
2.202968200395871918e+03 1.360647668669176836e-09
2.390335719257225264e+03 1.355228603736060551e-09
2.593639277103594850e+03 1.349818455152034806e-09
2.814234270751223448e+03 1.344417957222783080e-09
3.053591376637042686e+03 1.339027177080372068e-09
3.313306355615907705e+03 1.333646084939679378e-09
3.595110691678383773e+03 1.328273931884729512e-09
3.900883135516046423e+03 1.322911508413112560e-09
4.232662229893530821e+03 1.317558829829864155e-09
4.592659900332350844e+03 1.312215725483672279e-09
4.983276201713673800e+03 1.306881652172925764e-09
5.407115319113624537e+03 1.301557377508373707e-09
5.867002929546439191e+03 1.296242854258145614e-09
6.366005040363957050e+03 1.290937843609103975e-09
6.907448429904270597e+03 1.285641968873822760e-09
7.494942826664670065e+03 1.280355840527425650e-09
8.132404974864331052e+03 1.275079509648144452e-09
8.824084746838452702e+03 1.269812682063723737e-09
9.574593476351810750e+03 1.264555079521576340e-09
1.038893470172572597e+04 1.259307244446595799e-09
1.127253752373884890e+04 1.254069173809629753e-09
1.223129280069423476e+04 1.248840623743300885e-09
1.327159242196023843e+04 1.243621345444225134e-09
1.440037192181637693e+04 1.238411820546178164e-09
1.562515671770520566e+04 1.233212078395684738e-09
1.695411228115370977e+04 1.228021924556101029e-09
1.839609857584726342e+04 1.222840996963647442e-09
1.996072912578714750e+04 1.217669932087043783e-09
2.165843510733069343e+04 1.212508601330469508e-09
2.350053489240746057e+04 1.207356883497765495e-09
2.549930950654569097e+04 1.202214441840407232e-09
2.766808450477790757e+04 1.197081805425767276e-09
3.002131881128086025e+04 1.191958985707941715e-09
3.257470111503111912e+04 1.186845853226577017e-09
3.534525446413382451e+04 1.181741935193244210e-09
3.835144975613934366e+04 1.176647861898369213e-09
4.161332888097300747e+04 1.171563592797515838e-09
4.515263833745472948e+04 1.166489096968363093e-09
4.899297421421074978e+04 1.161423793438021363e-09
5.315993950154687627e+04 1.156368340623056071e-09
5.768131478305780183e+04 1.151322738167246642e-09
6.258724344495138939e+04 1.146286947696964192e-09
6.791043263785247109e+04 1.141260369281948540e-09
7.368637133087097027e+04 1.136243632400363404e-09
7.995356691166992823e+04 1.131236709859545290e-09
8.675380190991584095e+04 1.126239678146708509e-09
9.413241255564794119e+04 1.121251961917553836e-09
1.021385910296793299e+05 1.116273971745812470e-09
1.108257134210906079e+05 1.111305869453991693e-09
1.202516955782627774e+05 1.106347646943895702e-09
1.304793792258619651e+05 1.101398893782496308e-09
1.415769509219609608e+05 1.096459769917668196e-09
1.536183966484297416e+05 1.091530498585008929e-09
1.666839950652853295e+05 1.086611196546362748e-09
1.808608527174608025e+05 1.081701519422852973e-09
1.962434847621402296e+05 1.076801347987582955e-09
2.129344450882949750e+05 1.071911069106696309e-09
2.310450100293338473e+05 1.067030691940887033e-09
2.506959202270904789e+05 1.062160199040975113e-09
2.720181855930517777e+05 1.057299039625600191e-09
2.951539587333896197e+05 1.052447790578732468e-09
3.202574826608088915e+05 1.047606484202774100e-09
3.474961191114647663e+05 1.042775095259239603e-09
3.770514643226050539e+05 1.037953163766112107e-09
4.091205597096711281e+05 1.033141069832630365e-09
4.439172055142698227e+05 1.028338853409745019e-09
4.816733861809392693e+05 1.023546654944287251e-09
5.226408169654831872e+05 1.018764145507444973e-09
5.670926220859094756e+05 1.013991238603090130e-09
6.153251556039715651e+05 1.009228286897520427e-09
6.676599771768723149e+05 1.004475297064900743e-09
7.244459958512129961e+05 9.997322556968457291e-10
7.860617961915411288e+05 9.949986527895964717e-10
8.529181622514966875e+05 9.902750260240376900e-10
9.254608162145138485e+05 9.855613527919552929e-10
1.004173389962224290e+06 9.808576464506425801e-10
1.089580649381586816e+06 9.761637212288833974e-10
1.182251992906783475e+06 9.714794881435391562e-10
1.282805247620141599e+06 9.668052373893762003e-10
1.391910788220191374e+06 9.621409963637597879e-10
1.510296006317442749e+06 9.574867488822703023e-10
1.638750159854048165e+06 9.528420312284270427e-10
1.778129634977802867e+06 9.482072928393701418e-10
1.929363655450620456e+06 9.435825772053164077e-10
2.093460477655358845e+06 9.389678588367111877e-10
2.271514112502245232e+06 9.343630580387672279e-10
2.464711619048923720e+06 9.297679098468038566e-10
2.674341018459664192e+06 9.251828091452089366e-10
2.901799881065074354e+06 9.206077703263762918e-10
3.148604643770968542e+06 9.160427400175481997e-10
3.416400719934341498e+06 9.114874945929008184e-10
3.706973469107582700e+06 9.069421103962868909e-10
4.022260099784656893e+06 9.024067807988961191e-10
4.364362584503338672e+06 8.978815271641411341e-10
4.735561673406559043e+06 8.933663426875699038e-10
5.138332099689453840e+06 8.888608252164069130e-10
5.575359078304694034e+06 8.843653317472316852e-10
6.049556207920705900e+06 8.798799266954501216e-10
6.564084895482657477e+06 8.754046467996570594e-10
7.122375432877125219e+06 8.709393644224531466e-10
7.728149866215489805e+06 8.664838096526118582e-10
8.385446810202830471e+06 8.620383778851881426e-10
9.098648373025761917e+06 8.576030368362851164e-10
9.872509371264128014e+06 8.531778067290909838e-10
1.071218902959819511e+07 8.487626355959193446e-10
1.162328537664893642e+07 8.443572544452672886e-10
1.261187256626375206e+07 8.399619798702243504e-10
1.368454137306349166e+07 8.355768783745199736e-10
1.484844313222900778e+07 8.312018873630865807e-10
1.611133741646774858e+07 8.268369865295382449e-10
1.748164376801623777e+07 8.224819041099264099e-10
1.896849783056813851e+07 8.181369875966029091e-10
2.058181225535277650e+07 8.138022312313738675e-10
2.233234278741522878e+07 8.094776560084271319e-10
2.423175997268703952e+07 8.051632217625396075e-10
2.629272696390840784e+07 8.008586070913069276e-10
2.852898394412321597e+07 7.965641700142116384e-10
3.095543973058676720e+07 7.922799466198280279e-10
3.358827116979680210e+07 7.880059153310857112e-10
3.644503098630084842e+07 7.837421051290173179e-10
3.954476480429313332e+07 7.794881422426577122e-10
4.290813812216704339e+07 7.752443686020441164e-10
4.655757408654727787e+07 7.710108307516331566e-10
5.051740298431912065e+07 7.667875350309019955e-10
5.481402444929991663e+07 7.625744650491364110e-10
5.947608346496129036e+07 7.583714159652782447e-10
6.453466133658831567e+07 7.541784638234439000e-10
7.002348290606054664e+07 7.499957772842603913e-10
7.597914139072740078e+07 7.458233374564206554e-10
8.244134234534779191e+07 7.416611725164369085e-10
8.945316837355440855e+07 7.375092484878727280e-10
9.706136635363817215e+07 7.333672971327191196e-10
1.053166590935449600e+08 7.292356156699756243e-10
1.142740834928524643e+08 7.251142274440612438e-10
1.239933574661959410e+08 7.210031488330238935e-10
1.345392780743804872e+08 7.169023696069096968e-10
1.459821535174597204e+08 7.128117466369592686e-10
1.583982718698210418e+08 7.087312518773817094e-10
1.718704096822693944e+08 7.046611092332494877e-10
1.864883838418892622e+08 7.006012700883103313e-10
2.023496503688593209e+08 6.965517877358943225e-10
2.195599541423157156e+08 6.925126199509028063e-10
2.382340338868920207e+08 6.884836367440050063e-10
2.584963871199969351e+08 6.844648775478125860e-10
2.804821001596105695e+08 6.804564809216555782e-10
3.043377487261600494e+08 6.764584678074615927e-10
3.302223751426574588e+08 6.724708115205748369e-10
3.583085486479600668e+08 6.684935590509936454e-10
3.887835158921158314e+08 6.645264790593692032e-10
4.218504492839863896e+08 6.605697206387689473e-10
4.577298015137118101e+08 6.566233485078313008e-10
4.966607752804290652e+08 6.526874130024640900e-10
5.389029180237208605e+08 6.487618663042549384e-10
5.847378522906354666e+08 6.448467510522105481e-10
6.344711532744286060e+08 6.409419411383680471e-10
6.884343860422772169e+08 6.370474435822449793e-10
7.469873160339136124e+08 6.331633658095271419e-10
8.105203075682559013e+08 6.292897374784358402e-10
8.794569263485521078e+08 6.254265782298901984e-10
9.542567633165795803e+08 6.215738780165988086e-10
1.035418498682148576e+09 6.177316562149762491e-10
1.123483226555369616e+09 6.138996956364142610e-10
1.219038062346553326e+09 6.100781910174193616e-10
1.322720056983785629e+09 6.062671994996736574e-10
1.435220444043691397e+09 6.024666934827523883e-10
1.557289248110510349e+09 5.986766885938665613e-10
1.689740285086666346e+09 5.948972052187916931e-10
1.833456587791295052e+09 5.911282260947631571e-10
1.989396293018418312e+09 5.873696088713677121e-10
2.158599029302969456e+09 5.836215047915125189e-10
2.342192847981034756e+09 5.798839421959860022e-10
2.541401743752727032e+09 5.761569329778912305e-10
2.757553814886253834e+09 5.724404931291801595e-10
2.992090117466132641e+09 5.687346316720993968e-10
3.246574272715623379e+09 5.650393214280522767e-10
3.522702891443991184e+09 5.613544855954632861e-10
3.822316885117148876e+09 5.576801793199857341e-10
4.147413738960776806e+09 5.540164624676021531e-10
4.500160828919191360e+09 5.503633610872840673e-10
4.882909871252223015e+09 5.467208785351174617e-10
5.298212601103581429e+09 5.430890239689533146e-10
5.748837784567576408e+09 5.394677947612359700e-10
6.237789677671282768e+09 5.358572126226938277e-10
6.768328055335656166e+09 5.322571565325088595e-10
7.343989943845943451e+09 5.286677116594572050e-10
7.968613201718605995e+09 5.250889305997900926e-10
8.646362106175573349e+09 5.215208291088068268e-10
9.381755115806772232e+09 5.179634359937943685e-10
1.017969499451116943e+10 5.144166941630047127e-10
1.104550149754836655e+10 5.108806736064754013e-10
1.198494683761414719e+10 5.073553536625874831e-10
1.300429416738743019e+10 5.038407598066472180e-10
1.411033933510646629e+10 5.003367414476232570e-10
1.531045619155294800e+10 4.968434610792894635e-10
1.661264575049947548e+10 4.933609237293862922e-10
1.802558953036634445e+10 4.898891542520977322e-10
1.955870743270874405e+10 4.864281441632458602e-10
2.122222054340331268e+10 4.829778965960338787e-10
2.302721927521949387e+10 4.795384393782806700e-10
2.498573730607390594e+10 4.761097613396818563e-10
2.711083180590343475e+10 4.726918839163474575e-10
2.941667048701865768e+10 4.692848046000360034e-10
3.191862605829028702e+10 4.658884200267891995e-10
3.463337871288171387e+10 4.625028954626357348e-10
3.757902733279922485e+10 4.591281867057299953e-10
4.077521015164548492e+10 4.557643326916242487e-10
4.424323568001725006e+10 4.524113421181459523e-10
4.800622476641136169e+10 4.490691969792845040e-10
5.208926474073627472e+10 4.457379530825845794e-10
5.651957666808506775e+10 4.424175595134941841e-10
6.132669682782688141e+10 4.391080963826783429e-10
6.654267362791300964e+10 4.358095028706152999e-10
7.220228126719822693e+10 4.325218409314775917e-10
7.834325157023458862e+10 4.292450882805760439e-10
8.500652554014840698e+10 4.259792099043137193e-10
9.223652630666865540e+10 4.227242653070577556e-10
1.000814552890142822e+11 4.194802759347837489e-10
1.085936135481150513e+11 4.162472417682875121e-10
1.178297504705829620e+11 4.130251928867859398e-10
1.278514421090542755e+11 4.098141279928791733e-10
1.387255017012511902e+11 4.066140640729317122e-10
1.505244251046344299e+11 4.034249861619345738e-10
1.633268741162991638e+11 4.002469370231929263e-10
1.772182009003409729e+11 3.970799118783832935e-10
1.922910170189771423e+11 3.939239482235976208e-10
2.086458108610751038e+11 3.907790042987132597e-10
2.263916175843994751e+11 3.876451220551261227e-10
2.456467460379908447e+11 3.845223280237869553e-10
2.665395675109619446e+11 3.814105937912553872e-10
2.892093715662056274e+11 3.783099643009487428e-10
3.138072946647203979e+11 3.752204426148859048e-10
3.404973277715789185e+11 3.721420104123542180e-10
3.694574096611029053e+11 3.690747108615975200e-10
4.008806132101618042e+11 3.660185340908025499e-10
4.349764325884480591e+11 3.629734935290928001e-10
4.719721799272497559e+11 3.599396197396536008e-10
5.121145007781190186e+11 3.569169209357907447e-10
5.556710184647901611e+11 3.539053993473368704e-10
6.029321182910178223e+11 3.509050808760696588e-10
6.542128834993886719e+11 3.479159610842022950e-10
7.098551958879129639e+11 3.449380630137801826e-10
7.702300150888699951e+11 3.419714110809667937e-10
8.357398517055814209e+11 3.390159879810184475e-10
9.068214507951601562e+11 3.360718324969618210e-10
9.839487035876469727e+11 3.331389432811156412e-10
1.067635806853564941e+12 3.302173305260641428e-10
1.158440690982961182e+12 3.273070169314973046e-10
1.256968739630465332e+12 3.244080020859087984e-10
1.363876825724732910e+12 3.215203077829938080e-10
1.479877690749757080e+12 3.186439492771115760e-10
1.605744696494199463e+12 3.157789260667818914e-10
1.742316980947887939e+12 3.129252632719048506e-10
1.890505052719212891e+12 3.100829770672678103e-10
2.051296861270602051e+12 3.072520680744926066e-10
2.225764383441501953e+12 3.044325542957062801e-10
2.415070770170309082e+12 3.016244549835922854e-10
2.620478101061455566e+12 2.988277790179081317e-10
2.843355798496291504e+12 2.960425266571434696e-10
3.085189757383468262e+12 2.932687429046222145e-10
3.347592251415635254e+12 2.905063780176932673e-10
3.632312681876014648e+12 2.877554873518087381e-10
3.941249240655863770e+12 2.850161071935487572e-10
4.276461565238298340e+12 2.822882133379920318e-10
4.640184470017701172e+12 2.795718442917815523e-10
5.034842845499456055e+12 2.768670082356802752e-10
5.463067824710934570e+12 2.741737212024554188e-10
5.927714324602961914e+12 2.714919809838199181e-10
6.431880079387881836e+12 2.688218286055709687e-10
6.978926292706853516e+12 2.661632741641420030e-10
7.572500046311575195e+12 2.635163150364274934e-10
8.216558614655829102e+12 2.608809815230068100e-10
8.915395847499359375e+12 2.582572828444329795e-10
9.673670796412644531e+12 2.556452203557140272e-10
1.049643877603198633e+13 2.530448466288798856e-10
1.138918506714585742e+13 2.504561502352030113e-10
1.235786148630634570e+13 2.478790946170413055e-10
1.340892606577027539e+13 2.453137357888662737e-10
1.454938610831071289e+13 2.427601052922957462e-10
1.578684490393933203e+13 2.402182258074733720e-10
1.712955241999361523e+13 2.376881081043322926e-10
1.858646030253278125e+13 2.351697546281497652e-10
2.016728155572872266e+13 2.326632077006135237e-10
2.188255529712734766e+13 2.301684618750194936e-10
2.374371702049327734e+13 2.276855383173315186e-10
2.576317483467165234e+13 2.252144302260797851e-10
2.795439218674066797e+13 2.227551326494032616e-10
3.033197762095873047e+13 2.203077072140823437e-10
3.291178217191678125e+13 2.178721852137602538e-10
3.571100504120252344e+13 2.154485726199234462e-10
3.874830826210830469e+13 2.130368817234381771e-10
4.204394111683651562e+13 2.106371385313860193e-10
4.561987513567496875e+13 2.082493308559043228e-10
4.949995057816213281e+13 2.058734398811314101e-10
5.371003537281473438e+13 2.035095540695135619e-10
5.827819757504325781e+13 2.011576821032395846e-10
6.323489249301138281e+13 1.988178575122698404e-10
6.861316572898041406e+13 1.964900768951995225e-10
7.444887348978773438e+13 1.941743362517158770e-10
8.078092163523878125e+13 1.918706302516880745e-10
8.765152505811534375e+13 1.895790306069594152e-10
9.510648912505087500e+13 1.872995714070728274e-10
1.031955150546003125e+14 1.850322798396294323e-10
1.119725312684187188e+14 1.827770844476055608e-10
1.214960529246182188e+14 1.805340402488222372e-10
1.318295720302697031e+14 1.783032132442717672e-10
1.430419807338665312e+14 1.760846123904132233e-10
1.552080306197895000e+14 1.738782830850028592e-10
1.684088310668232188e+14 1.716840987735868528e-10
1.827323899932122812e+14 1.695022085322989098e-10
1.982742005933293438e+14 1.673326639889357019e-10
2.151378779776486250e+14 1.651754508097631508e-10
2.334358499604148750e+14 1.630304922187814698e-10
2.532901066003957188e+14 1.608979116738846555e-10
2.748330134917960000e+14 1.587777564893054471e-10
2.982081942274476250e+14 1.566700083033231935e-10
3.235714879175158125e+14 1.545746104376694833e-10
3.510919881473815000e+14 1.524917123575996278e-10
3.809531703012833750e+14 1.504213482398485265e-10
4.133541147674320625e+14 1.483633808099620773e-10
4.485108341795358125e+14 1.463179679995153837e-10
4.866577135432753125e+14 1.442851669120951369e-10
5.280490728488509375e+14 1.422648905968642690e-10
5.729608625873288750e+14 1.402572033635188503e-10
6.216925034745425000e+14 1.382622202160967326e-10
6.745688826477881250e+14 1.362798519281332417e-10
7.319425196435796250e+14 1.343101876574497270e-10
7.941959165968846250e+14 1.323533098167808627e-10
8.617441083301237500e+14 1.304091093644261170e-10
9.350374293332132500e+14 1.284777633875959355e-10
1.014564516081532625e+15 1.265592795189918355e-10
1.100855564708015875e+15 1.246535843357207431e-10
1.194485865747767750e+15 1.227609239126455541e-10
1.296079639520755250e+15 1.208811313883834381e-10
1.406314197722773250e+15 1.190144225501733524e-10
1.525924458969144000e+15 1.171607889990576820e-10
1.655707848395981250e+15 1.153202679265099351e-10
1.796529613983637750e+15 1.134930099347975202e-10
1.949328595045910000e+15 1.116789091528644177e-10
2.115123481342311250e+15 1.098782961771705436e-10
2.295019604542502000e+15 1.080910036442143380e-10
2.490216307320164500e+15 1.063174018926960118e-10
2.702014939205451000e+15 1.045573408482133223e-10
2.931827532503114500e+15 1.028112406448756892e-10
3.181186216117236000e+15 1.010789865929383636e-10
3.451753430043767000e+15 9.936099498241573552e-11
3.745333008628793000e+15 9.765717723535813346e-11
4.063882206483867500e+15 9.596795279919039701e-11
4.409524747232669500e+15 9.429307133297780781e-11
4.784564982084129000e+15 9.263260151446153420e-11
5.191503252624247000e+15 9.098546184634259809e-11
5.633052560249344000e+15 8.934932099696289911e-11
6.112156653372388000e+15 8.771817422545691757e-11
6.632009652988290000e+15 8.607891863621314419e-11
7.196077347438772000e+15 8.440980472668143721e-11
7.808120298345477000e+15 8.270302492846427436e-11
8.472218911756756000e+15 8.103696972585875567e-11
9.192800641652248000e+15 7.956316636951330218e-11
9.974669507169240000e+15 7.832214137627674046e-11
1.082303812033594800e+16 7.723131217577798281e-11
1.174356243783852800e+16 7.621341649617695761e-11
1.274237946850465600e+16 7.523033652819729977e-11
1.382614818789625400e+16 7.427093760767976857e-11
1.500209393278269000e+16 7.334797859087599129e-11
1.627805657146498800e+16 7.249661168963752131e-11
1.766254277109883800e+16 7.179606628081125250e-11
1.916478271047175200e+16 7.139658057580180441e-11
2.079479161633474800e+16 7.156920155801061507e-11
2.256343653353834400e+16 7.243259837502813104e-11
2.448250877412502400e+16 7.466624717947605042e-11
2.656480252838101600e+16 7.533562864450174682e-11
2.882420016194213200e+16 6.565642791064424289e-11
3.127576476761183600e+16 3.168768294130446841e-11
3.393584058892664400e+16 2.530796242114762134e-14
3.682216198497735200e+16 8.748601009992429398e-11
3.995397166293634400e+16 4.352032882657088612e-10
4.335214896653808000e+16 1.127840929377979320e-09
4.703934907578520800e+16 2.283554583917146227e-09
5.104015404591579200e+16 4.044981024897244461e-09
5.538123669257655200e+16 6.666308501647802351e-09
6.009153841581400000e+16 1.046881593542748738e-08
6.520246214839848000e+16 1.590237575630332361e-08
7.074808171485524000e+16 2.363184175098289352e-08
7.676536899695550400e+16 3.443697548371736958e-08
8.329444042016097600e+16 4.953046338702015939e-08
9.037882440430868800e+16 7.036370825050857158e-08
9.806575156158555200e+16 9.919721572545958932e-08
1.064064695765198080e+17 1.387864976119917193e-07
1.154565848672284480e+17 1.927445173100585723e-07
1.252764333057540800e+17 2.662067178265208816e-07
1.359314824690056000e+17 3.660577281648256771e-07
1.474927681020835840e+17 5.017753581910202033e-07
1.600373677037995520e+17 6.854338131377068895e-07
1.736489143917527040e+17 9.335881324124005268e-07
1.884181544727966720e+17 1.268769530477432279e-06
2.044435524361704960e+17 1.719223293812165782e-06
2.218319474026909760e+17 2.325945996609961157e-06
2.406992654064430400e+17 3.142022599082821689e-06
2.611712922576947840e+17 4.237777341470402470e-06
2.833845121395530560e+17 5.705387189735696870e-06
3.074870175292288640e+17 7.655719177327760912e-06
3.336394965101660800e+17 1.024143452538789587e-05
3.620163040573793280e+17 1.368460521595864075e-05
3.928066244380348160e+17 1.825661763048959483e-05
4.262157324769235200e+17 2.432275075026718865e-05
4.624663620954214400e+17 3.236059092072594102e-05
5.018001912478712320e+17 4.298985745725379817e-05
5.444794531552267520e+17 5.703229763531957394e-05
5.907886845777881600e+17 7.554878359563700163e-05
6.410366227826233600e+17 9.992139100440563236e-05
6.955582638523635200e+17 1.319420054173061350e-04
7.547170960579829760e+17 1.739278286751040582e-04
8.189075231849890560e+17 2.288627996498518197e-04
8.885574939691806720e+17 3.005732641412960180e-04
9.641313551718791680e+17 3.939431149260082233e-04
1.046132947315841024e+18 5.151901680627823379e-04
1.135108963720649472e+18 6.721723841796339209e-04
1.231652595231712512e+18 8.747526899115197485e-04
1.336407484941993216e+18 1.135246223593232599e-03
1.450072019271773184e+18 1.468881231984423648e-03
1.573403984014802688e+18 1.894360860313874274e-03
1.707225616391716096e+18 2.434356341275937998e-03
1.852429086792421632e+18 3.115972976076540179e-03
2.009982446753091840e+18 3.971218464644436959e-03
2.180936082822529024e+18 5.037084468178529631e-03
2.366429719344493568e+18 6.355329248853150599e-03
2.567700016842953216e+18 7.971780709978708995e-03
2.786088816667522048e+18 9.934409096520576202e-03
3.023052086864760320e+18 1.229066188954380801e-02
3.280169628916766208e+18 1.508292858910555492e-02
3.559155610059855872e+18 1.834224435188503213e-02
3.861869991401620480e+18 2.207975572423340888e-02
4.190330928025204736e+18 2.627593505400746543e-02
4.546728223751502336e+18 3.086832860104632426e-02
4.933437930259329024e+18 3.573821317737296138e-02
5.353038187894969344e+18 4.069897181678395343e-02
5.808326413778470912e+18 4.548869527996233370e-02
6.302337951798363136e+18 4.977198120427891309e-02
6.838366308831418368e+18 5.315564312097403876e-02
7.419985112098983936e+18 5.522287124088050281e-02
8.051071934047848448e+18 5.558857033783588808e-02
8.735834143591166976e+18 5.397336696540577794e-02
9.478836956057968640e+18 5.028439594814539809e-02
1.028503386885436826e+19 4.468470862646325981e-02
1.115979968574906163e+19 3.762264283311791274e-02
1.210896634994905293e+19 2.979508350926063365e-02
1.313886182486239232e+19 2.203169521105234618e-02
1.425635228175794176e+19 1.511681111245120369e-02
1.546888787558368870e+19 9.601316941533523386e-03
1.678455241412396442e+19 5.679922186125851286e-03
1.821211725163158323e+19 3.194838794479196165e-03
1.976109976623948595e+19 1.767935968128981922e-03
2.144182681100863898e+19 9.896916619103763441e-04
2.326550356163617997e+19 5.585722695645820458e-04
2.524428821981698048e+19 3.107745872406434177e-04
2.739137307030110618e+19 1.698244146486943464e-04
2.972107243203745792e+19 9.254762162989792706e-05
3.224891808976825139e+19 5.032062332841052017e-05
3.499176284229686067e+19 2.726908918487018160e-05
3.796789285777668506e+19 1.492511735459620330e-05
4.119714958507638784e+19 8.123754337063958503e-06
4.470106203398431539e+19 4.414335447200243428e-06
4.850299030615386522e+19 2.427879670333000654e-06
5.262828133368061952e+19 1.315711491994953728e-06
5.710443786361035162e+19 7.240953695476666369e-07
6.196130181496187290e+19 3.917081333834068253e-07
6.723125323069418701e+19 2.129841359994366307e-07
7.294942615098881638e+19 1.146548938297030359e-07
7.915394284706042675e+19 6.190050742336992822e-08
8.588616797708328960e+19 3.351678513847081796e-08
