1.000000000000000000e+15 5.316161274652679290e-15
1.010425980617109625e+15 5.509921844900735924e-15
1.020960662306047500e+15 5.710744495532846513e-15
1.031605178382081750e+15 5.918886621428657904e-15
1.042360673976403250e+15 6.134614998856718476e-15
1.053228306159318625e+15 6.358206127402251394e-15
1.064209244064722500e+15 6.589946584357213601e-15
1.075304669015890125e+15 6.830133392027434645e-15
1.086515774652537250e+15 7.079074398426267527e-15
1.097843767059248500e+15 7.337088671844415680e-15
1.109289864895222750e+15 7.604506909800426032e-15
1.120855299525376500e+15 7.881671862896465909e-15
1.132541315152812750e+15 8.168938774122527132e-15
1.144349168952671750e+15 8.466675834172190383e-15
1.156280131207377750e+15 8.775264653353475003e-15
1.168335485443294750e+15 9.095100750699628588e-15
1.180516528568803250e+15 9.426594060906644212e-15
1.192824571013839000e+15 9.770169459747984241e-15
1.205260936870841250e+15 1.012626730863809008e-14
1.217826964037216000e+15 1.049534401904506803e-14
1.230524004359261500e+15 1.087787263747416018e-14
1.243353423777599250e+15 1.127434345177254154e-14
1.256316602474121500e+15 1.168526461953231991e-14
1.269414935020469750e+15 1.211116281939726653e-14
1.282649830528062500e+15 1.255258392610798061e-14
1.296022712799687000e+15 1.301009371015080504e-14
1.309535020482665000e+15 1.348427856290684608e-14
1.323188207223643500e+15 1.397574624823191801e-14
1.336983741824945250e+15 1.448512668142763014e-14
1.350923108402602750e+15 1.501307273660598859e-14
1.365007806546013750e+15 1.556026108347937115e-14
1.379239351479265750e+15 1.612739305464958147e-14
1.393619274224143500e+15 1.671519554450733737e-14
1.408149121764834750e+15 1.732442194089441172e-14
1.422830457214354750e+15 1.795585309072242966e-14
1.437664859982705000e+15 1.861029830078604211e-14
1.452653925946778250e+15 1.928859637505288539e-14
1.467799267622067500e+15 1.999161668976152363e-14
1.483102514336103000e+15 2.072026030770120362e-14
1.498565312403757750e+15 2.147546113310693369e-14
1.514189325304352000e+15 2.225818710864635356e-14
1.529976233860609500e+15 2.306944145603382760e-14
1.545927736419478500e+15 2.391026396186177072e-14
1.562045549034840250e+15 2.478173231029736748e-14
1.578331405652119750e+15 2.568496346435252440e-14
1.594787058294824000e+15 2.662111509749774175e-14
1.611414277253016500e+15 2.759138707745410150e-14
1.628214851273790250e+15 2.859702300406782007e-14
1.645190587753660750e+15 2.963931180323227047e-14
1.662343312933031500e+15 3.071958937890855296e-14
1.679674872092653250e+15 3.183924032535588374e-14
1.697187129752137250e+15 3.299969970176873839e-14
1.714881969870541000e+15 3.420245487159521890e-14
1.732761296049042000e+15 3.544904740889362820e-14
1.750827031735727000e+15 3.674107507417101086e-14
1.769081120432515250e+15 3.808019386223594115e-14
1.787525525904231750e+15 3.946812012468969491e-14
1.806162232389898000e+15 4.090663276977969772e-14
1.824993244816150500e+15 4.239757554242626376e-14
1.844020589012959750e+15 4.394285938735624115e-14
1.863246311931559750e+15 4.554446489836389778e-14
1.882672481864659250e+15 4.720444485684179994e-14
1.902301188668945750e+15 4.892492686283444762e-14
1.922134543989912750e+15 5.070811606198731813e-14
1.942174681489028500e+15 5.255629797188610455e-14
1.962423757073274000e+15 5.447184141140864228e-14
1.982883949127067250e+15 5.645720153684377595e-14
2.003557458746644000e+15 5.851492298867273849e-14
2.024446509976801750e+15 6.064764315303440925e-14
2.045553350050195000e+15 6.285809554207141816e-14
2.066880249629082000e+15 6.514911329747621061e-14
2.088429503049601500e+15 6.752363282173400280e-14
2.110203428568596500e+15 6.998469754171483717e-14
2.132204368613011000e+15 7.253546180943888084e-14
2.154434690031886750e+15 7.517919494501489396e-14
2.176896784350987750e+15 7.791928542693330806e-14
2.199593068030070250e+15 8.075924523508343213e-14
2.222525982722880500e+15 8.370271435206846082e-14
2.245697995539771750e+15 8.675346542857049451e-14
2.269111599313151500e+15 8.991540861876717457e-14
2.292769312865649000e+15 9.319259659198135942e-14
2.316673681281089500e+15 9.658922972699402967e-14
2.340827276178294500e+15 1.001096614956761870e-13
2.365232695987730500e+15 1.037584040428399699e-13
2.389892566231052500e+15 1.075401339694621496e-13
2.414809539803552000e+15 1.114596983266900357e-13
2.439986297259545000e+15 1.155221208283124510e-13
2.465425547100786500e+15 1.197326082896678016e-13
2.491130026067786000e+15 1.240965573012162287e-13
2.517102499434268500e+15 1.286195611453644045e-13
2.543345761304648000e+15 1.333074169653811926e-13
2.569862634914618500e+15 1.381661331956042983e-13
2.596655972934872500e+15 1.432019372624577684e-13
2.623728657777993500e+15 1.484212835661535973e-13
2.651083601908541500e+15 1.538308617533039550e-13
2.678723748156377500e+15 1.594376052910501133e-13
2.706652070033236000e+15 1.652487003536923471e-13
2.734871572052662000e+15 1.712715950332291772e-13
2.763385290053167000e+15 1.775140088855699796e-13
2.792196291524867000e+15 1.839839428247088897e-13
2.821307675939470500e+15 1.906896893775025250e-13
2.850722575083718000e+15 1.976398433122104094e-13
2.880444153396298000e+15 2.048433126544187849e-13
2.910475608308274500e+15 2.123093301044659472e-13
2.940820170587066500e+15 2.200474648710033717e-13
2.971481104684012500e+15 2.280676349358599130e-13
3.002461709085555500e+15 2.363801197659277050e-13
3.033765316668083000e+15 2.449955734883614956e-13
3.065395295056523500e+15 2.539250385459949488e-13
3.097355046986562000e+15 2.631799598504296020e-13
3.129648010670750500e+15 2.727721994509999807e-13
3.162277660168379500e+15 2.827140517383679487e-13
3.195247505759213500e+15 2.930182592022516820e-13
3.228561094321127000e+15 3.036980287634838532e-13
3.262222009711673000e+15 3.147670487013302190e-13
3.296233873153635500e+15 3.262395061977654921e-13
3.330600343624582000e+15 3.381301055211873937e-13
3.365325118250550500e+15 3.504540868729046770e-13
3.400411932703702500e+15 3.632272459204811665e-13
3.435864561604259500e+15 3.764659540430699063e-13
3.471686818926559500e+15 3.901871793146100334e-13
3.507882558409362500e+15 4.044085082518135709e-13
3.544455673970435500e+15 4.191481683548101601e-13
3.581410100125455500e+15 4.344250514693371868e-13
3.618749812411284000e+15 4.502587380004232378e-13
3.656478827813653000e+15 4.666695220085964305e-13
3.694601205199310000e+15 4.836784372207835501e-13
3.733121045752652500e+15 5.013072839892319813e-13
3.772042493416993500e+15 5.195786572330504652e-13
3.811369735340273000e+15 5.385159753980732082e-13
3.851107002325569000e+15 5.581435104723075780e-13
3.891258569286230500e+15 5.784864190953303811e-13
3.931828755705770000e+15 5.995707748015480235e-13
3.972821926102553000e+15 6.214236014386391955e-13
4.014242490499326000e+15 6.440729078040095983e-13
4.056094904897650000e+15 6.675477235436599948e-13
4.098383671757253000e+15 6.918781363594573923e-13
4.141113340480472500e+15 7.170953305725700519e-13
4.184288507901576000e+15 7.432316270923333500e-13
4.227913818781352500e+15 7.703205248419787090e-13
4.271993966306776500e+15 7.983967436941691954e-13
4.316533692595900500e+15 8.274962689714369415e-13
4.361537789208005500e+15 8.576563975685369657e-13
4.407011097659079500e+15 8.889157857558462641e-13
4.452958509942660000e+15 9.213144987250679070e-13
4.499384969056115500e+15 9.548940619407424063e-13
4.546295469532409000e+15 9.896975143633942607e-13
4.593695057977388000e+15 1.025769463612495394e-12
4.641588833612773000e+15 1.063156143140058585e-12
4.689981948824612000e+15 1.101905471487895234e-12
4.738879609717651000e+15 1.142067113704810523e-12
4.788287076675383000e+15 1.183692545002196384e-12
4.838209664925957000e+15 1.226835116729731978e-12
4.888652745113988000e+15 1.271550124755719429e-12
4.939621743878326000e+15 1.317894880339697169e-12
4.991122144435854000e+15 1.365928783588175564e-12
5.043159487171369000e+15 1.415713399587639132e-12
5.095739370233589000e+15 1.467312537312366302e-12
5.148867450137487000e+15 1.520792331408342239e-12
5.202549442372687000e+15 1.576221326957760492e-12
5.256791122018419000e+15 1.633670567333173674e-12
5.311598324364777000e+15 1.693213685253593864e-12
5.366976945540476000e+15 1.754926997159361772e-12
5.422932943147155000e+15 1.818889601026716841e-12
5.479472336900293000e+15 1.885183477747467316e-12
5.536601209276803000e+15 1.953893596203652484e-12
5.594325706169389000e+15 2.025108022171913220e-12
5.652652037547686000e+15 2.098918031197090310e-12
5.711586478126423000e+15 2.175418225579910376e-12
5.771135368040315000e+15 2.254706655628276916e-12
5.831305113526219000e+15 2.336884945328111430e-12
5.892102187612295000e+15 2.422058422594428099e-12
5.953533130814370000e+15 2.510336254269739352e-12
6.015604551839561000e+15 2.601831586042760740e-12
6.078323128297236000e+15 2.696661687466807063e-12
6.141695607417392000e+15 2.794948102263683986e-12
6.205728806776513000e+15 2.896816804105765840e-12
6.270429615030978000e+15 3.002398358075856476e-12
6.335804992658241000e+15 3.111828088012021756e-12
6.401861972705482000e+15 3.225246249951278003e-12
6.468607661546321000e+15 3.342798211895236896e-12
6.536049239645289000e+15 3.464634640127506704e-12
6.604193962330305000e+15 3.590911692321894545e-12
6.673049160573193000e+15 3.721791217688860292e-12
6.742622241778349000e+15 3.857440964416772077e-12
6.812920690579622000e+15 3.998034794673803851e-12
6.883952069645510000e+15 4.143752907446078377e-12
6.955724020492718000e+15 4.294782069497558203e-12
7.028244264308338000e+15 4.451315854748086274e-12
7.101520602780329000e+15 4.613554892375521135e-12
7.175560918936921000e+15 4.781707123961052452e-12
7.250373177994647000e+15 4.955988070006482569e-12
7.325965428215230000e+15 5.136621106165355765e-12
7.402345801771417000e+15 5.323837749541951538e-12
7.479522515621829000e+15 5.517877955425067621e-12
7.557503872394937000e+15 5.718990424836883348e-12
7.636298261282257000e+15 5.927432923291170456e-12
7.715914158940854000e+15 6.143472611169281437e-12
7.796360130405221000e+15 6.367386386137343864e-12
7.877644830008832000e+15 6.599461238044036588e-12
7.959777002314978000e+15 6.839994616752475405e-12
8.042765483057628000e+15 7.089294813379413684e-12
8.126619200091946000e+15 7.347681355429082034e-12
8.211347174354735000e+15 7.615485416328601904e-12
8.296958520834915000e+15 7.893050239889815174e-12
8.383462449554102000e+15 8.180731580241479347e-12
8.470868266557420000e+15 8.478898157795750649e-12
8.559185374914601000e+15 8.787932131833195770e-12
8.648423275731709000e+15 9.108229590312773570e-12
8.738591569173047000e+15 9.440201057532718535e-12
8.829699955494083000e+15 9.784272020295435134e-12
8.921758236084958000e+15 1.014088347324892356e-11
9.014776314524918000e+15 1.051049248410442177e-11
9.108764197647734000e+15 1.089357277945462042e-11
9.203731996618230000e+15 1.129061535194311547e-11
9.299689928020044000e+15 1.170212908956350767e-11
9.396648314954710000e+15 1.212864142789451935e-11
9.494617588152224000e+15 1.257069902610710894e-11
9.593608287093128000e+15 1.302886846760993885e-11
9.693631061142502000e+15 1.350373698623208989e-11
9.794696670695386000e+15 1.399591321887119804e-11
9.896815988334524000e+15 1.450602798557506851e-11
1.000000000000000000e+16 1.503473509805412729e-11
1.010425980617105400e+16 1.558271219766157132e-11
1.020960662306047600e+16 1.615066162391668127e-11
1.031605178382077600e+16 1.673931131467956562e-11
1.042360673976403200e+16 1.734941573914042776e-11
1.053228306159314200e+16 1.798175686480628751e-11
1.064209244064726800e+16 1.863714515973889620e-11
1.075304669015890200e+16 1.931642063131327685e-11
1.086515774652541800e+16 2.002045390284400468e-11
1.097843767059248400e+16 2.075014732944258316e-11
1.109289864895218200e+16 2.150643615455258357e-11
1.120855299525376400e+16 2.229028970863135237e-11
1.132541315152808000e+16 2.310271265151940167e-11
1.144349168952671800e+16 2.394474626009684927e-11
1.156280131207373000e+16 2.481746976286090029e-11
1.168335485443294800e+16 2.572200172315535234e-11
1.180516528568803200e+16 2.665950147280293609e-11
1.192824571013843800e+16 2.763117059800071701e-11
1.205260936870841400e+16 2.863825447935953469e-11
1.217826964037221200e+16 2.968204388808509824e-11
1.230524004359261600e+16 3.076387664032205071e-11
1.243353423777594200e+16 3.188513931180565215e-11
1.256316602474121400e+16 3.304726901499861843e-11
1.269414935020464400e+16 3.425175524099815037e-11
1.282649830528062600e+16 3.550014176858396918e-11
1.296022712799681800e+16 3.679402864283020576e-11
1.309535020482670400e+16 3.813507422584698065e-11
1.323188207223643600e+16 3.952499732224811043e-11
1.336983741824950800e+16 4.096557938210167520e-11
1.350923108402602800e+16 4.245866678415339792e-11
1.365007806546019400e+16 4.400617320228336697e-11
1.379239351479265800e+16 4.561008205819347462e-11
1.393619274224137800e+16 4.727244906350465290e-11
1.408149121764834800e+16 4.899540485449265762e-11
1.422830457214349000e+16 5.078115772284980860e-11
1.437664859982705000e+16 5.263199644598763510e-11
1.452653925946778200e+16 5.455029322047228357e-11
1.467799267622073600e+16 5.653850670239706611e-11
1.483102514336102800e+16 5.859918515854074289e-11
1.498565312403763800e+16 6.073496973239974965e-11
1.514189325304352000e+16 6.294859782922883864e-11
1.529976233860603200e+16 6.524290662447978013e-11
1.545927736419478600e+16 6.762083670009192346e-11
1.562045549034833800e+16 7.008543581331189100e-11
1.578331405652119800e+16 7.263986280289153163e-11
1.594787058294817600e+16 7.528739163762277139e-11
1.611414277253023200e+16 7.803141561245867512e-11
1.628214851273790200e+16 8.087545169753313178e-11
1.645190587753667400e+16 8.382314504572062543e-11
1.662343312933031600e+16 8.687827366444296611e-11
1.679674872092646200e+16 9.004475325777967471e-11
1.697187129752137200e+16 9.332664224503124354e-11
1.714881969870533800e+16 9.672814696218737201e-11
1.732761296049041800e+16 1.002536270529950412e-10
1.750827031735719800e+16 1.039076010564688911e-10
1.769081120432515200e+16 1.076947521980873663e-10
1.787525525904231800e+16 1.116199343920092663e-10
1.806162232389905200e+16 1.156881784620933969e-10
1.824993244816150400e+16 1.199046985895989136e-10
1.844020589012967200e+16 1.242748989959291002e-10
1.863246311931560000e+16 1.288043808688792320e-10
1.882672481864666800e+16 1.334989495413718346e-10
1.902301188668945600e+16 1.383646219317694580e-10
1.922134543989904800e+16 1.434076342554086773e-10
1.942174681489028400e+16 1.486344500171496818e-10
1.962423757073266000e+16 1.540517682952165860e-10
1.982883949127075600e+16 1.596665323269892954e-10
2.003557458746644000e+16 1.654859384076445930e-10
2.024446509976810000e+16 1.715174451131833667e-10
2.045553350050195200e+16 1.777687828595216734e-10
2.066880249629090400e+16 1.842479638100415633e-10
2.088429503049601600e+16 1.909632921441486999e-10
2.110203428568588000e+16 1.979233747001455189e-10
2.132204368613010800e+16 2.051371320059354869e-10
2.154434690031878000e+16 2.126138097117421537e-10
2.176896784350987600e+16 2.203629904395514565e-10
2.199593068030070400e+16 2.283946060643227879e-10
2.222525982722889600e+16 2.367189504428840926e-10
2.245697995539771600e+16 2.453466926066325103e-10
2.269111599313160400e+16 2.542888904351461941e-10
2.292769312865648800e+16 2.635570048280209455e-10
2.316673681281080400e+16 2.731629143933023887e-10
2.340827276178294400e+16 2.831189306711654471e-10
2.365232695987721200e+16 2.934378139124114621e-10
2.389892566231052800e+16 3.041327894320893105e-10
2.414809539803542000e+16 3.152175645589955660e-10
2.439986297259555200e+16 3.267063462030278618e-10
2.465425547100786400e+16 3.386138590626278272e-10
2.491130026067796000e+16 3.509553644959345156e-10
2.517102499434268400e+16 3.637466800795309412e-10
2.543345761304658800e+16 3.770041998801529916e-10
2.569862634914618400e+16 3.907449154650234272e-10
2.596655972934862000e+16 4.049864376780478001e-10
2.623728657777993200e+16 4.197470192095168256e-10
2.651083601908530800e+16 4.350455779883381810e-10
2.678723748156377200e+16 4.509017214268901491e-10
2.706652070033235600e+16 4.673357715492729297e-10
2.734871572052673200e+16 4.843687910355290457e-10
2.763385290053167200e+16 5.020226102148042612e-10
2.792196291524878400e+16 5.203198550424536941e-10
2.821307675939470800e+16 5.392839760965142890e-10
2.850722575083730000e+16 5.589392786311334769e-10
2.880444153396298000e+16 5.793109537250174625e-10
2.910475608308262400e+16 6.004251105652571763e-10
2.940820170587066800e+16 6.223088099075325479e-10
2.971481104684000400e+16 6.449900987556971169e-10
3.002461709085555600e+16 6.684980463053780618e-10
3.033765316668082800e+16 6.928627811971939079e-10
3.065395295056536000e+16 7.181155301278875403e-10
3.097355046986562000e+16 7.442886578682459064e-10
3.129648010670763200e+16 7.714157087396992715e-10
3.162277660168379200e+16 7.995314496021085227e-10
3.195247505759200400e+16 8.286719144084498953e-10
3.228561094321126800e+16 8.588744503829656238e-10
3.262222009711660000e+16 8.901777658821431370e-10
3.296233873153635600e+16 9.226219800000917086e-10
3.330600343624581600e+16 9.562486739812762794e-10
3.365325118250564000e+16 9.911009445072367128e-10
3.400411932703702800e+16 1.027223458924749578e-09
3.435864561604273600e+16 1.064662512487036526e-09
3.471686818926559600e+16 1.103466087680484305e-09
3.507882558409348400e+16 1.143683915713747775e-09
3.544455673970435600e+16 1.185367540247314610e-09
3.581410100125440800e+16 1.228570383445425901e-09
3.618749812411284000e+16 1.273347814435351044e-09
3.656478827813638400e+16 1.319757220260857634e-09
3.694601205199309600e+16 1.367858079421861547e-09
3.733121045752652800e+16 1.417712038093318338e-09
3.772042493417008800e+16 1.469382989122177145e-09
3.811369735340272800e+16 1.522937153902396218e-09
3.851107002325584800e+16 1.578443167234144437e-09
3.891258569286230400e+16 1.635972165274602782e-09
3.931828755705754400e+16 1.695597876694358470e-09
3.972821926102552800e+16 1.757396717155053958e-09
4.014242490499309600e+16 1.821447887229765574e-09
4.056094904897649600e+16 1.887833473892030401e-09
4.098383671757252800e+16 1.956638555702317959e-09
4.141113340480489600e+16 2.027951311828223067e-09
4.184288507901576000e+16 2.101863135036383978e-09
4.227913818781369600e+16 2.178468748802585588e-09
4.271993966306776800e+16 2.257866328688241029e-09
4.316533692595917600e+16 2.340157628140623613e-09
4.361537789208005600e+16 2.425448108876020565e-09
4.407011097659061600e+16 2.513847076014753182e-09
4.452958509942660000e+16 2.605467818139581371e-09
4.499384969056096800e+16 2.700427752457459773e-09
4.546295469532408800e+16 2.798848575251359579e-09
4.593695057977388000e+16 2.900856417813006039e-09
4.641588833612791200e+16 3.006582008058561848e-09
4.689981948824612000e+16 3.116160838031792533e-09
4.738879609717670400e+16 3.229733337511785878e-09
4.788287076675383200e+16 3.347445053944922496e-09
4.838209664925937600e+16 3.469446838934189603e-09
4.888652745113988000e+16 3.595895041522487740e-09
4.939621743878305600e+16 3.726951708518283161e-09
4.991122144435854400e+16 3.862784792121235828e-09
5.043159487171348800e+16 4.003568365111088822e-09
5.095739370233610400e+16 4.149482843878688626e-09
5.148867450137487200e+16 4.300715219581228047e-09
5.202549442372708000e+16 4.457459297721317399e-09
5.256791122018419200e+16 4.619915946452995620e-09
5.311598324364755200e+16 4.788293353936248596e-09
5.366976945540476000e+16 4.962807295066655242e-09
5.422932943147132800e+16 5.143681407922740660e-09
5.479472336900292800e+16 5.331147480286503190e-09
5.536601209276780800e+16 5.525445746600491656e-09
5.594325706169388800e+16 5.726825195746024642e-09
5.652652037547685600e+16 5.935543890031937152e-09
5.711586478126446400e+16 6.151869295807099188e-09
5.771135368040314400e+16 6.376078626114956898e-09
5.831305113526242400e+16 6.608459195834000282e-09
5.892102187612295200e+16 6.849308789753374430e-09
5.953533130814394400e+16 7.098936044060503102e-09
6.015604551839560800e+16 7.357660841723194258e-09
6.078323128297211200e+16 7.625814722278254023e-09
6.141695607417392000e+16 7.903741306546359735e-09
6.205728806776488000e+16 8.191796736818622560e-09
6.270429615031004000e+16 8.490350133080718913e-09
6.335804992658241600e+16 8.799784065852836238e-09
6.401861972705508800e+16 9.120495046257809849e-09
6.468607661546320800e+16 9.452894033937091008e-09
6.536049239645316000e+16 9.797406963472454255e-09
6.604193962330305600e+16 1.015447528997907293e-08
6.673049160573165600e+16 1.052455655457626262e-08
6.742622241778348800e+16 1.090812497045304659e-08
6.812920690579594400e+16 1.130567203028083573e-08
6.883952069645510400e+16 1.171770713575394102e-08
6.955724020492717600e+16 1.214475825005564321e-08
7.028244264308367200e+16 1.258737257409452646e-08
7.101520602780328800e+16 1.304611724736589295e-08
7.175560918936950400e+16 1.352158007434586886e-08
7.250373177994646400e+16 1.401437027733624172e-08
7.325965428215200000e+16 1.452511927673463141e-08
7.402345801771417600e+16 1.505448149971888429e-08
7.479522515621798400e+16 1.560313521838369297e-08
7.557503872394937600e+16 1.617178341840631836e-08
7.636298261282225600e+16 1.676115469934158906e-08
7.715914158940854400e+16 1.737200420771163908e-08
7.796360130405220800e+16 1.800511460406916768e-08
7.877644830008864000e+16 1.866129706528634772e-08
7.959777002314977600e+16 1.934139232333555778e-08
8.042765483057660800e+16 2.004627174190674518e-08
8.126619200091945600e+16 2.077683843222142726e-08
8.211347174354700800e+16 2.153402840948702568e-08
8.296958520834915200e+16 2.231881179145665937e-08
8.383462449554068800e+16 2.313219404063207841e-08
8.470868266557419200e+16 2.397521725170469207e-08
8.559185374914601600e+16 2.484896148586508045e-08
8.648423275731744000e+16 2.575454615370651502e-08
8.738591569173048000e+16 2.669313144846964233e-08
8.829699955494118400e+16 2.766591983148198320e-08
8.921758236084958400e+16 2.867415757166883884e-08
9.014776314524955200e+16 2.971913634112648210e-08
9.108764197647732800e+16 3.080219486877296347e-08
9.203731996618192000e+16 3.192472065421436689e-08
9.299689928020043200e+16 3.308815174399655418e-08
9.396648314954672000e+16 3.429397857251996721e-08
9.494617588152224000e+16 3.554374586997989561e-08
9.593608287093128000e+16 3.683905463974635672e-08
9.693631061142542400e+16 3.818156420773963857e-08
9.794696670695385600e+16 3.957299434638844383e-08
9.896815988334564800e+16 4.101512747591637800e-08
1.000000000000000000e+17 4.250981094573499053e-08
1.010425980617105440e+17 4.405895939889140720e-08
1.020960662306047520e+17 4.566455722256241339e-08
1.031605178382077600e+17 4.732866108773545525e-08
1.042360673976403360e+17 4.905340258133294418e-08
1.053228306159314240e+17 5.084099093410885594e-08
1.064209244064726880e+17 5.269371584784180452e-08
1.075304669015890080e+17 5.461395042538963983e-08
1.086515774652541760e+17 5.660415420739269314e-08
1.097843767059248480e+17 5.866687631945395504e-08
1.109289864895218240e+17 6.080475873386116946e-08
1.120855299525376480e+17 6.302053964997483582e-08
1.132541315152808000e+17 6.531705699761056982e-08
1.144349168952671680e+17 6.769725206790560061e-08
1.156280131207372960e+17 7.016417327625694798e-08
1.168335485443294880e+17 7.272098006218927817e-08
1.180516528568803200e+17 7.537094693106659267e-08
1.192824571013843840e+17 7.811746764286646552e-08
1.205260936870841440e+17 8.096405955329433401e-08
1.217826964037211200e+17 8.391436811283864985e-08
1.230524004359261600e+17 8.697217152945197706e-08
1.243353423777604480e+17 9.014138560082460325e-08
1.256316602474121440e+17 9.342606872242001516e-08
1.269414935020464480e+17 9.683042707764861007e-08
1.282649830528062560e+17 1.003588200167828737e-07
1.296022712799681760e+17 1.040157656314764470e-07
1.309535020482670400e+17 1.078059465320228321e-07
1.323188207223643520e+17 1.117342158346439246e-07
1.336983741824950720e+17 1.158056033665263241e-07
1.350923108402602720e+17 1.200253220964130962e-07
1.365007806546019360e+17 1.243987747990422857e-07
1.379239351479265760e+17 1.289315609618151212e-07
1.393619274224137760e+17 1.336294839425926799e-07
1.408149121764834720e+17 1.384985583876490617e-07
1.422830457214348960e+17 1.435450179192559673e-07
1.437664859982704960e+17 1.487753231027250465e-07
1.452653925946778240e+17 1.541961697029485309e-07
1.467799267622073600e+17 1.598144972410690250e-07
1.483102514336103040e+17 1.656374978620299492e-07
1.498565312403763840e+17 1.716726255244274999e-07
1.514189325304352000e+17 1.779276055242061123e-07
1.529976233860603200e+17 1.844104443644531748e-07
1.545927736419478400e+17 1.911294399837228839e-07
1.562045549034833600e+17 1.980931923559386837e-07
1.578331405652119680e+17 2.053106144753982812e-07
1.594787058294817600e+17 2.127909437407108780e-07
1.611414277253023040e+17 2.205437537522972852e-07
1.628214851273790080e+17 2.285789665382586079e-07
1.645190587753667520e+17 2.369068652243295078e-07
1.662343312933031680e+17 2.455381071638082600e-07
1.679674872092646400e+17 2.544837375443307315e-07
1.697187129752137280e+17 2.637552034885960170e-07
1.714881969870533760e+17 2.733643686670010939e-07
1.732761296049041920e+17 2.833235284408018335e-07
1.750827031735719680e+17 2.936454255548226342e-07
1.769081120432515200e+17 3.043432663998548461e-07
1.787525525904231680e+17 3.154307378651073990e-07
1.806162232389905280e+17 3.269220248023412144e-07
1.824993244816150400e+17 3.388318281235410103e-07
1.844020589012967040e+17 3.511753835553446376e-07
1.863246311931559680e+17 3.639684810736914345e-07
1.882672481864666880e+17 3.772274850436042298e-07
1.902301188668945920e+17 3.909693550892938452e-07
1.922134543989904960e+17 4.052116677213144896e-07
1.942174681489028480e+17 4.199726387478831434e-07
1.962423757073265920e+17 4.352711464988101131e-07
1.982883949127075520e+17 4.511267558915424887e-07
2.003557458746643840e+17 4.675597433694468203e-07
2.024446509976809920e+17 4.845911227442361492e-07
2.045553350050195200e+17 5.022426719747922275e-07
2.066880249629090560e+17 5.205369609166284150e-07
2.088429503049601600e+17 5.394973800766125473e-07
2.110203428568587840e+17 5.591481704096768087e-07
2.132204368613010880e+17 5.795144541947744217e-07
2.154434690031877760e+17 6.006222670291662087e-07
2.176896784350987520e+17 6.224985909815708327e-07
2.199593068030070400e+17 6.451713889455594543e-07
2.222525982722889600e+17 6.686696402370210300e-07
2.245697995539771840e+17 6.930233774799929932e-07
2.269111599313160640e+17 7.182637248278871274e-07
2.292769312865648640e+17 7.444229375676407224e-07
2.316673681281080320e+17 7.715344431572303296e-07
2.340827276178294400e+17 7.996328837476883671e-07
2.365232695987720960e+17 8.287541602432824296e-07
2.389892566231052800e+17 8.589354779554805786e-07
2.414809539803542080e+17 8.902153939074965981e-07
2.439986297259555200e+17 9.226338658495600585e-07
2.465425547100786240e+17 9.562323030456667455e-07
2.491130026067796160e+17 9.910536188963501888e-07
2.517102499434268480e+17 1.027142285462651780e-06
2.543345761304637760e+17 1.064544389960471320e-06
2.569862634914618240e+17 1.103307693295434656e-06
2.596655972934861760e+17 1.143481690711832945e-06
2.623728657777993280e+17 1.185117674631908224e-06
2.651083601908530880e+17 1.228268799763332285e-06
2.678723748156377280e+17 1.272990150557289850e-06
2.706652070033235840e+17 1.319338811100452055e-06
2.734871572052672960e+17 1.367373937529239985e-06
2.763385290053167040e+17 1.417156833055681159e-06
2.792196291524878720e+17 1.468751025699654858e-06
2.821307675939470720e+17 1.522222348823277460e-06
2.850722575083729920e+17 1.577639024569070447e-06
2.880444153396297920e+17 1.635071750304548616e-06
2.910475608308262400e+17 1.694593788182183194e-06
2.940820170587066880e+17 1.756281057925092139e-06
2.971481104684000000e+17 1.820212232954240493e-06
3.002461709085555200e+17 1.886468839977139115e-06
3.033765316668082560e+17 1.955135362160463066e-06
3.065395295056536320e+17 2.026299346016208335e-06
3.097355046986561920e+17 2.100051512132258153e-06
3.129648010670763520e+17 2.176485869886347690e-06
3.162277660168379520e+17 2.255699836283645178e-06
3.195247505759200640e+17 2.337794359066848113e-06
3.228561094321127040e+17 2.422874044249536325e-06
3.262222009711660160e+17 2.511047288230901802e-06
3.296233873153635200e+17 2.602426414655701498e-06
3.330600343624581760e+17 2.697127816186554007e-06
3.365325118250563840e+17 2.795272101365461326e-06
3.400411932703702400e+17 2.896984246743153874e-06
3.435864561604273920e+17 3.002393754465819674e-06
3.471686818926559360e+17 3.111634815510472208e-06
3.507882558409348480e+17 3.224846478771971704e-06
3.544455673970435840e+17 3.342172826207107871e-06
3.581410100125440640e+17 3.463763154251293229e-06
3.618749812411283840e+17 3.589772161731038184e-06
3.656478827813638400e+17 3.720360144499739105e-06
3.694601205199310080e+17 3.855693197037760710e-06
3.733121045752652800e+17 3.995943421259749431e-06
3.772042493417009280e+17 4.141289142787191187e-06
3.811369735340273280e+17 4.291915134946363222e-06
3.851107002325553280e+17 4.448012850767696710e-06
3.891258569286230400e+17 4.609780663265858389e-06
3.931828755705786240e+17 4.777424114293500524e-06
3.972821926102552960e+17 4.951156172270981897e-06
4.014242490499309440e+17 5.131197499103856856e-06
4.056094904897649920e+17 5.317776726610533511e-06
4.098383671757253120e+17 5.511130742794421589e-06
4.141113340480489600e+17 5.711504988307897494e-06
4.184288507901576320e+17 5.919153763461566992e-06
4.227913818781369600e+17 6.134340546153172554e-06
4.271993966306776320e+17 6.357338321093241903e-06
4.316533692595918080e+17 6.588429920727898190e-06
4.361537789208005760e+17 6.827908378262018623e-06
4.407011097659061120e+17 7.076077293210744767e-06
4.452958509942659840e+17 7.333251209911675208e-06
4.499384969056097280e+17 7.599756009451037045e-06
4.546295469532408960e+17 7.875929315472989114e-06
4.593695057977388160e+17 8.162120914349421010e-06
4.641588833612791680e+17 8.458693190215778334e-06
4.689981948824611840e+17 8.766021575381537128e-06
4.738879609717670400e+17 9.084495016655546470e-06
4.788287076675383040e+17 9.414516458129614266e-06
4.838209664925937280e+17 9.756503340996965760e-06
4.888652745113987840e+17 1.011088812098767106e-05
4.939621743878305280e+17 1.047811880403113579e-05
4.991122144435854080e+17 1.085865950077659278e-05
5.043159487171348480e+17 1.125299100061315450e-05
5.095739370233610240e+17 1.166161136586867709e-05
5.148867450137487360e+17 1.208503654687014141e-05
5.202549442372708480e+17 1.252380101859044840e-05
5.256791122018419200e+17 1.297845843960993490e-05
5.311598324364755200e+17 1.344958233416551407e-05
5.366976945540476160e+17 1.393776679806664607e-05
5.422932943147132800e+17 1.444362722929435376e-05
5.479472336900292480e+17 1.496780108412719405e-05
5.536601209276780800e+17 1.551094865965092155e-05
5.594325706169388800e+17 1.607375390355906750e-05
5.652652037547685760e+17 1.665692525215466593e-05
5.711586478126446720e+17 1.726119649751991508e-05
5.771135368040314880e+17 1.788732768482312362e-05
5.831305113526242560e+17 1.853610604079252740e-05
5.892102187612295680e+17 1.920834693438889460e-05
5.953533130814394880e+17 1.990489487077270583e-05
6.015604551839560960e+17 2.062662451966400915e-05
6.078323128297210880e+17 2.137444177926038630e-05
6.141695607417392640e+17 2.214928487688481870e-05
6.205728806776487680e+17 2.295212550759035010e-05
6.270429615031004160e+17 2.378397001198833774e-05
6.335804992658241280e+17 2.464586059458324889e-05
6.401861972705509120e+17 2.553887658397258593e-05
6.468607661546320640e+17 2.646413573627053010e-05
6.536049239645315840e+17 2.742279558319901718e-05
6.604193962330305280e+17 2.841605482628809196e-05
6.673049160573166080e+17 2.944515477871745789e-05
6.742622241778348800e+17 3.051138085633491325e-05
6.812920690579594240e+17 3.161606411945864077e-05
6.883952069645510400e+17 3.276058286712114350e-05
6.955724020492718080e+17 3.394636428542950911e-05
7.028244264308367360e+17 3.517488615181539157e-05
7.101520602780328960e+17 3.644767859694323037e-05
7.175560918936951040e+17 3.776632592615561585e-05
7.250373177994647040e+17 3.913246850232707968e-05
7.325965428215200000e+17 4.054780469211402550e-05
7.402345801771417600e+17 4.201409287758698378e-05
7.479522515621798400e+17 4.353315353532382314e-05
7.557503872394936320e+17 4.510687138510177516e-05
7.636298261282225920e+17 4.673719761034460853e-05
7.715914158940853760e+17 4.842615215260582238e-05
7.796360130405221120e+17 5.017582608235551529e-05
7.877644830008864000e+17 5.198838404847861756e-05
7.959777002314977280e+17 5.386606680887359407e-05
8.042765483057596160e+17 5.581119384468947753e-05
8.126619200091944960e+17 5.782616606072570872e-05
8.211347174354700800e+17 5.991346857463552081e-05
8.296958520834914560e+17 6.207567359764174007e-05
8.383462449554068480e+17 6.431544340948688583e-05
8.470868266557419520e+17 6.663553343049740698e-05
8.559185374914600960e+17 6.903879539360740830e-05
8.648423275731744000e+17 7.152818061936711588e-05
8.738591569173047040e+17 7.410674339691783398e-05
8.829699955494118400e+17 7.677764447410475267e-05
8.921758236084957440e+17 7.954415465984787214e-05
9.014776314524954880e+17 8.240965854209077602e-05
9.108764197647733760e+17 8.537765832458678544e-05
9.203731996618192640e+17 8.845177778598940657e-05
9.299689928020043520e+17 9.163576636466356877e-05
9.396648314954671360e+17 9.493350337278180545e-05
9.494617588152224000e+17 9.834900234334893385e-05
9.593608287093127680e+17 1.018864155137774990e-04
9.693631061142542080e+17 1.055500384498539413e-04
9.794696670695385600e+17 1.093443148138356332e-04
9.896815988334563840e+17 1.132738412806667642e-04
1.000000000000000000e+18 1.173433726061840436e-04
1.010425980617105536e+18 1.215578268514355616e-04
1.020960662306047616e+18 1.259222907671326121e-04
1.031605178382077568e+18 1.304420253424205540e-04
1.042360673976403328e+18 1.351224715222223342e-04
1.053228306159314304e+18 1.399692560973431893e-04
1.064209244064726784e+18 1.449881977717752766e-04
1.075304669015890176e+18 1.501853134114668361e-04
1.086515774652541696e+18 1.555668244791027686e-04
1.097843767059248384e+18 1.611391636592454202e-04
1.109289864895218176e+18 1.669089816784676363e-04
1.120855299525376512e+18 1.728831543249201438e-04
1.132541315152808064e+18 1.790687896719432603e-04
1.144349168952671744e+18 1.854732355103651882e-04
1.156280131207373056e+18 1.921040869939768169e-04
1.168335485443294720e+18 1.989691945029488612e-04
1.180516528568803072e+18 2.060766717296481660e-04
1.192824571013843968e+18 2.134349039916251306e-04
1.205260936870841344e+18 2.210525567761925712e-04
1.217826964037211136e+18 2.289385845213270205e-04
1.230524004359261696e+18 2.371022396372763524e-04
1.243353423777604352e+18 2.455530817734031244e-04
1.256316602474121472e+18 2.543009873346978875e-04
1.269414935020464384e+18 2.633561592522667733e-04
1.282649830528062464e+18 2.727291370120096857e-04
1.296022712799681792e+18 2.824308069456332162e-04
1.309535020482670336e+18 2.924724127880949935e-04
1.323188207223643392e+18 3.028655665051581945e-04
1.336983741824950784e+18 3.136222593949964223e-04
1.350923108402602752e+18 3.247548734671191779e-04
1.365007806546019328e+18 3.362761931022000190e-04
1.379239351479265792e+18 3.481994169956240570e-04
1.393619274224137728e+18 3.605381703878652580e-04
1.408149121764834816e+18 3.733065175840311967e-04
1.422830457214349056e+18 3.865189747649067325e-04
1.437664859982704896e+18 4.001905230915200526e-04
1.452653925946778368e+18 4.143366221045168929e-04
1.467799267622073600e+18 4.289732234198020012e-04
1.483102514336102912e+18 4.441167847208100754e-04
1.498565312403763712e+18 4.597842840479752732e-04
1.514189325304352000e+18 4.759932343847374974e-04
1.529976233860603136e+18 4.927616985395962641e-04
1.545927736419478528e+18 5.101083043224423569e-04
1.562045549034833664e+18 5.280522600131587821e-04
1.578331405652119808e+18 5.466133701198241587e-04
1.594787058294817536e+18 5.658120514225702591e-04
1.611414277253023232e+18 5.856693492991538706e-04
1.628214851273790208e+18 6.062069543264920471e-04
1.645190587753667584e+18 6.274472191524498206e-04
1.662343312933031680e+18 6.494131756301627003e-04
1.679674872092646400e+18 6.721285522071303092e-04
1.697187129752137216e+18 6.956177915592450618e-04
1.714881969870533888e+18 7.199060684592756580e-04
1.732761296049041920e+18 7.450193078680746516e-04
1.750827031735719680e+18 7.709842032347167650e-04
1.769081120432515072e+18 7.978282349913875604e-04
1.787525525904231936e+18 8.255796892260412615e-04
1.806162232389905408e+18 8.542676765154854756e-04
1.824993244816150528e+18 8.839221508984671004e-04
1.844020589012967168e+18 9.145739289678435271e-04
1.863246311931559680e+18 9.462547090575270997e-04
1.882672481864666880e+18 9.789970904993082479e-04
1.902301188668945664e+18 1.012834592920897493e-03
1.922134543989904896e+18 1.047801675555790893e-03
1.942174681489028352e+18 1.083933756531682167e-03
1.962423757073265920e+18 1.121267232102450551e-03
1.982883949127075328e+18 1.159839495786081425e-03
2.003557458746643968e+18 1.199688957367001834e-03
2.024446509976809984e+18 1.240855061719931375e-03
2.045553350050195200e+18 1.283378307407310711e-03
2.066880249629090560e+18 1.327300265001008775e-03
2.088429503049601536e+18 1.372663595073518985e-03
2.110203428568588032e+18 1.419512065802240987e-03
2.132204368613010944e+18 1.467890570124776072e-03
2.154434690031877888e+18 1.517845142380318561e-03
2.176896784350987776e+18 1.569422974368128720e-03
2.199593068030070272e+18 1.622672430748364411e-03
2.222525982722889472e+18 1.677643063708158470e-03
2.245697995539771648e+18 1.734385626808581781e-03
2.269111599313160448e+18 1.792952087925834366e-03
2.292769312865648640e+18 1.853395641192147206e-03
2.316673681281080320e+18 1.915770717839297135e-03
2.340827276178294272e+18 1.980132995839581269e-03
2.365232695987721216e+18 2.046539408234941074e-03
2.389892566231052800e+18 2.115048150039034597e-03
2.414809539803542016e+18 2.185718683589139410e-03
2.439986297259555328e+18 2.258611742221241277e-03
2.465425547100786176e+18 2.333789332131820486e-03
2.491130026067795968e+18 2.411314732286563324e-03
2.517102499434268672e+18 2.491252492225633306e-03
2.543345761304637952e+18 2.573668427611664269e-03
2.569862634914618368e+18 2.658629613356005335e-03
2.596655972934861824e+18 2.746204374153227851e-03
2.623728657777993216e+18 2.836462272246427323e-03
2.651083601908530688e+18 2.929474092235566894e-03
2.678723748156377088e+18 3.025311822736984155e-03
2.706652070033235968e+18 3.124048634689615463e-03
2.734871572052673024e+18 3.225758856099943117e-03
2.763385290053167104e+18 3.330517943004525014e-03
2.792196291524878336e+18 3.438402446425509098e-03
2.821307675939470848e+18 3.549489975081040506e-03
2.850722575083729920e+18 3.663859153609177674e-03
2.880444153396297728e+18 3.781589576050190752e-03
2.910475608308262400e+18 3.902761754329027010e-03
2.940820170587066880e+18 4.027457061466600818e-03
2.971481104684000256e+18 4.155757669243296572e-03
3.002461709085555200e+18 4.287746480030364682e-03
3.033765316668082688e+18 4.423507052493354415e-03
3.065395295056536064e+18 4.563123520870014313e-03
3.097355046986562048e+18 4.706680507511240910e-03
3.129648010670763008e+18 4.854263028373612641e-03
3.162277660168379392e+18 5.005956391138808616e-03
3.195247505759200256e+18 5.161846085636229327e-03
3.228561094321126912e+18 5.322017666233738384e-03
3.262222009711660032e+18 5.486556625860678459e-03
3.296233873153635328e+18 5.655548261323937141e-03
3.330600343624581632e+18 5.829077529570432861e-03
3.365325118250564096e+18 6.007228894554631632e-03
3.400411932703702528e+18 6.190086164360849609e-03
3.435864561604273664e+18 6.377732318239022480e-03
3.471686818926559232e+18 6.570249323205620481e-03
3.507882558409348096e+18 6.767717939873623724e-03
3.544455673970435584e+18 6.970217517172223355e-03
3.581410100125441024e+18 7.177825775628659047e-03
3.618749812411283968e+18 7.390618578893399203e-03
3.656478827813638144e+18 7.608669693194859349e-03
3.694601205199309824e+18 7.832050534431795816e-03
3.733121045752652288e+18 8.060829902616513040e-03
3.772042493417009152e+18 8.295073703410656141e-03
3.811369735340273152e+18 8.534844656505122598e-03
3.851107002325553152e+18 8.780201990630452299e-03
3.891258569286230528e+18 9.031201125000831720e-03
3.931828755705786368e+18 9.287893337031762064e-03
3.972821926102552576e+18 9.550325416203949910e-03
4.014242490499309568e+18 9.818539303982463592e-03
4.056094904897649664e+18 1.009257171974173653e-02
4.098383671757253120e+18 1.037245377269463073e-02
4.141113340480489472e+18 1.065821055987605653e-02
4.184288507901576192e+18 1.094986075027915701e-02
4.227913818781369856e+18 1.124741615531442245e-02
4.271993966306776576e+18 1.155088128581337366e-02
4.316533692595917824e+18 1.186025289588377336e-02
4.361537789208005632e+18 1.217551951398447574e-02
4.407011097659061248e+18 1.249666096168494320e-02
4.452958509942660096e+18 1.282364786064883050e-02
4.499384969056096768e+18 1.315644112848313521e-02
4.546295469532408832e+18 1.349499146419499973e-02
4.593695057977388032e+18 1.383923882409507367e-02
4.641588833612791808e+18 1.418911188911400195e-02
4.689981948824611840e+18 1.454452752460092153e-02
4.738879609717670912e+18 1.490539023381566228e-02
4.788287076675383296e+18 1.527159160644091067e-02
4.838209664925937664e+18 1.564300976359650139e-02
4.888652745113988096e+18 1.601950880096680158e-02
4.939621743878305792e+18 1.640093823181295110e-02
4.991122144435854336e+18 1.678713243179818376e-02
5.043159487171348480e+18 1.717791008770644043e-02
5.095739370233610240e+18 1.757307365231819060e-02
5.148867450137487360e+18 1.797240880786071457e-02
5.202549442372708352e+18 1.837568394064528765e-02
5.256791122018418688e+18 1.878264962966419774e-02
5.311598324364754944e+18 1.919303815212238667e-02
5.366976945540475904e+18 1.960656300904526153e-02
5.422932943147132928e+18 2.002291847430121355e-02
5.479472336900292608e+18 2.044177917056240815e-02
5.536601209276780544e+18 2.086279967590070131e-02
5.594325706169389056e+18 2.128561416491520433e-02
5.652652037547685888e+18 2.170983608844509125e-02
5.711586478126446592e+18 2.213505789611423802e-02
5.771135368040314880e+18 2.256085080609805671e-02
5.831305113526242304e+18 2.298676462667921874e-02
5.892102187612295168e+18 2.341232763428191532e-02
5.953533130814394368e+18 2.383704651282634798e-02
6.015604551839560704e+18 2.426040635933855369e-02
6.078323128297210880e+18 2.468187076086815132e-02
6.141695607417392128e+18 2.510088194782377283e-02
6.205728806776487936e+18 2.551686102889922508e-02
6.270429615031004160e+18 2.592920831278909197e-02
6.335804992658241536e+18 2.633730372187660651e-02
6.401861972705508352e+18 2.674050730305797818e-02
6.468607661546320896e+18 2.713815984077456306e-02
6.536049239645316096e+18 2.752958357723258101e-02
6.604193962330305536e+18 2.791408304461581377e-02
6.673049160573165568e+18 2.829094601391629604e-02
6.742622241778349056e+18 2.865944456474194685e-02
6.812920690579594240e+18 2.901883628016937999e-02
6.883952069645510656e+18 2.936836557035360507e-02
6.955724020492717056e+18 2.970726512818109774e-02
7.028244264308367360e+18 3.003475751979239189e-02
7.101520602780328960e+18 3.035005691224297933e-02
7.175560918936950784e+18 3.065237093998227774e-02
7.250373177994646528e+18 3.094090271113956667e-02
7.325965428215199744e+18 3.121485295387798134e-02
7.402345801771417600e+18 3.147342230224924042e-02
7.479522515621797888e+18 3.171581372010541522e-02
7.557503872394937344e+18 3.194123506066656737e-02
7.636298261282226176e+18 3.214890175830972807e-02
7.715914158940854272e+18 3.233803964806133274e-02
7.796360130405221376e+18 3.250788790710189280e-02
7.877644830008863744e+18 3.265770211138063761e-02
7.959777002314977280e+18 3.278675739914575088e-02
8.042765483057595392e+18 3.289435173187217620e-02
8.126619200091945984e+18 3.297980924168230493e-02
8.211347174354701312e+18 3.304248365294311374e-02
8.296958520834915328e+18 3.308176176427723297e-02
8.383462449554068480e+18 3.309706697576098033e-02
8.470868266557419520e+18 3.308786284461680965e-02
8.559185374914600960e+18 3.305365665124378877e-02
8.648423275731743744e+18 3.299400295599216187e-02
8.738591569173047296e+18 3.290850712568677700e-02
8.829699955494119424e+18 3.279682880755687563e-02
8.921758236084958208e+18 3.265868532696063892e-02
9.014776314524954624e+18 3.249385498411011541e-02
9.108764197647732736e+18 3.230218022394280852e-02
9.203731996618192896e+18 3.208357065235115102e-02
9.299689928020043776e+18 3.183800587121619202e-02
9.396648314954672128e+18 3.156553810409715860e-02
9.494617588152223744e+18 3.126629458403998307e-02
9.593608287093127168e+18 3.094047967481340991e-02
9.693631061142542336e+18 3.058837669695703074e-02
9.794696670695385088e+18 3.021034943039594897e-02
9.896815988334563328e+18 2.980684326600881173e-02
1.000000000000000000e+19 2.937838597950878650e-02
1.010425980617105408e+19 2.892558810226135424e-02
1.020960662306047590e+19 2.844914286530171588e-02
1.031605178382077542e+19 2.794982569477795151e-02
1.042360673976403354e+19 2.742849323937757156e-02
1.053228306159314330e+19 2.688608191300480982e-02
1.064209244064726835e+19 2.632360593901234003e-02
1.075304669015890125e+19 2.574215488573201524e-02
1.086515774652541747e+19 2.514289068678299266e-02
1.097843767059248538e+19 2.452704414375408981e-02
1.109289864895218278e+19 2.389591091322566460e-02
1.120855299525376410e+19 2.325084698479537929e-02
1.132541315152817357e+19 2.259326366167180994e-02
1.144349168952671642e+19 2.192462206051745688e-02
1.156280131207373005e+19 2.124642715249022706e-02
1.168335485443294822e+19 2.056022137279381323e-02
1.180516528568803123e+19 1.986757783143417930e-02
1.192824571013843968e+19 1.917009316323409554e-02
1.205260936870841344e+19 1.846938006042807279e-02
1.217826964037211136e+19 1.776705953619666517e-02
1.230524004359261594e+19 1.706475297233309846e-02
1.243353423777604403e+19 1.636407400866995640e-02
1.256316602474121421e+19 1.566662033592327447e-02
1.269414935020464538e+19 1.497396545712489056e-02
1.282649830528062464e+19 1.428765048572605556e-02
1.296022712799681741e+19 1.360917605068945498e-02
1.309535020482670387e+19 1.293999438037129156e-02
1.323188207223643546e+19 1.228150163768755056e-02
1.336983741824939827e+19 1.163503057883097901e-02
1.350923108402602803e+19 1.100184360671562292e-02
1.365007806546019328e+19 1.038312628823436293e-02
1.379239351479265894e+19 9.779981401372376398e-03
1.393619274224137830e+19 9.193423574196491616e-03
1.408149121764834714e+19 8.624374572745561671e-03
1.422830457214349107e+19 8.073659288911383056e-03
1.437664859982704845e+19 7.542002472573989397e-03
1.452653925946778214e+19 7.030026244624938345e-03
1.467799267622073549e+19 6.538248419105285175e-03
1.483102514336102810e+19 6.067081653694169317e-03
1.498565312403763814e+19 5.616833438228910520e-03
1.514189325304351949e+19 5.187706921057277584e-03
1.529976233860603290e+19 4.779802562868503205e-03
1.545927736419478528e+19 4.393120597476820113e-03
1.562045549034833715e+19 4.027564268931516783e-03
1.578331405652119757e+19 3.682943804525139805e-03
1.594787058294817587e+19 3.358981073936979402e-03
1.611414277253023130e+19 3.055314876022287209e-03
1.628214851273790259e+19 2.771506786867201574e-03
1.645190587753667584e+19 2.507047495763257798e-03
1.662343312933031526e+19 2.261363549924147627e-03
1.679674872092646195e+19 2.033824424130889312e-03
1.697187129752137318e+19 1.823749828208872086e-03
1.714881969870547968e+19 1.630417163338909129e-03
1.732761296049041818e+19 1.453069037762537430e-03
1.750827031735719731e+19 1.290920753464069219e-03
1.769081120432515072e+19 1.143167677882710089e-03
1.787525525904231834e+19 1.008992418580633918e-03
1.806162232389905408e+19 8.875717239891837930e-04
1.824993244816150528e+19 7.780830397688216424e-04
1.844020589012952064e+19 6.797106577972507335e-04
1.863246311931559936e+19 5.916514032023894492e-04
1.882672481864666726e+19 5.131198139773343516e-04
1.902301188668945613e+19 4.433527773669368195e-04
1.922134543989904998e+19 3.816135971831675477e-04
1.942174681489028301e+19 3.271954762718480374e-04
1.962423757073265869e+19 2.794244083011081605e-04
1.982883949127075430e+19 2.376614826626273816e-04
2.003557458746644070e+19 2.013046153740245467e-04
2.024446509976793498e+19 1.697897272604667162e-04
2.045553350050195046e+19 1.425913982262038207e-04
2.066880249629090611e+19 1.192230329648948995e-04
2.088429503049601434e+19 9.923657890629319271e-05
2.110203428568587878e+19 8.222184148637112766e-05
2.132204368613011046e+19 6.780544492381169314e-05
2.154434690031877734e+19 5.564948858705622513e-05
2.176896784350987469e+19 4.544994977382239279e-05
2.199593068030070374e+19 3.693488336019169879e-05
2.222525982722889728e+19 2.986246739527742569e-05
2.245697995539771802e+19 2.401894143222363709e-05
2.269111599313160602e+19 1.921648132281431498e-05
2.292769312865648640e+19 1.529105050422563183e-05
2.316673681281080115e+19 1.210026361939538086e-05
2.340827276178294374e+19 9.521293789275045178e-06
2.365232695987740262e+19 7.448850142870339627e-06
2.389892566231052698e+19 5.793247450569542240e-06
2.414809539803541914e+19 4.478585026394143369e-06
2.439986297259555226e+19 3.441047579357760960e-06
2.465425547100786278e+19 2.627336499432190275e-06
2.491130026067795968e+19 1.993236236793461056e-06
2.517102499434268262e+19 1.502317031175985334e-06
2.543345761304637850e+19 1.124772308396921267e-06
2.569862634914618573e+19 8.363866016728912771e-07
2.596655972934882918e+19 6.176278766683506359e-07
2.623728657777993318e+19 4.528566264743727385e-07
2.651083601908530790e+19 3.296430279734788208e-07
2.678723748156377088e+19 2.381827761199287124e-07
2.706652070033235968e+19 1.708018919060065820e-07
2.734871572052672922e+19 1.215407828361970595e-07
2.763385290053167104e+19 8.580806913101476352e-08
2.792196291524855808e+19 6.009512238077810507e-08
2.821307675939470950e+19 4.174284592944772987e-08
2.850722575083729715e+19 2.875291161209537677e-08
2.880444153396297728e+19 1.963641428641852747e-08
2.910475608308262502e+19 1.329367827899842504e-08
2.940820170587066778e+19 8.919718891764544685e-09
2.971481104684000461e+19 5.930604088341644314e-09
3.002461709085555507e+19 3.906658884725521338e-09
3.033765316668082995e+19 2.549095691794948685e-09
3.065395295056535962e+19 1.647230564762357878e-09
3.097355046986561946e+19 1.053954728787376014e-09
3.129648010670763213e+19 6.675728835263179035e-10
3.162277660168379187e+19 4.184971933537159532e-10
