5.000000608210586339e-02 2.151544964087031956e-09
5.420615659369291267e-02 2.144796405787732667e-09
5.876614110476129776e-02 2.138056369805353771e-09
6.370972519284903712e-02 2.131325720240474103e-09
6.906917840517325102e-02 2.124604435062088478e-09
7.487948490007161062e-02 2.117892563674319989e-09
8.117857180823352670e-02 2.111190090752743678e-09
8.800755680436347927e-02 2.104497123422370360e-09
9.541101650531497169e-02 2.097813653001939919e-09
1.034372774466809641e-01 2.091139394255347375e-09
1.121387315372082555e-01 2.084474328120784609e-09
1.215721780501828470e-01 2.077818809390278594e-09
1.317991943841574642e-01 2.071172795934390391e-09
1.428865380131832119e-01 2.064536351639160604e-09
1.549065822503006284e-01 2.057909379374769856e-09
1.679377886687631605e-01 2.051291895472684214e-09
1.820652192647508605e-01 2.044683884236459617e-09
1.973810917047484903e-01 2.038084709681256445e-09
2.139853812819983159e-01 2.031494910018046740e-09
2.319864735113358334e-01 2.024914534181287885e-09
2.515018716222611195e-01 2.018343645157435926e-09
2.726589635684490975e-01 2.011782264688190456e-09
2.955958535604016890e-01 2.005230408666923664e-09
3.204622635491208849e-01 1.998688020805352269e-09
3.474205105452921050e-01 1.992155218770008983e-09
3.766465661534910692e-01 1.985631258735635125e-09
4.083312052375847045e-01 1.979116726922466464e-09
4.426812512153127654e-01 1.972611762907464846e-09
4.799209261107854618e-01 1.966116330090423474e-09
5.202933141774469528e-01 1.959630379018971054e-09
5.640619486453933851e-01 1.953153940266163350e-09
6.115125319506359292e-01 1.946687028949125586e-09
6.629548006752106204e-01 1.940229623187164529e-09
7.187245473716431521e-01 1.933781154006235750e-09
7.791858124693546994e-01 1.927342326238124770e-09
8.447332605708113284e-01 1.920912887530070526e-09
9.157947566488308100e-01 1.914493107721440914e-09
9.928341589613386420e-01 1.908082784759092529e-09
1.076354346914492943e+00 1.901682090581364452e-09
1.166900503638733433e+00 1.895290865875643061e-09
1.265063674704982599e+00 1.888909227622629077e-09
1.371484626210723201e+00 1.882536610159893588e-09
1.486858027419858619e+00 1.876173513172080347e-09
1.611936985258776378e+00 1.869820005861001528e-09
1.747537960267831592e+00 1.863476050249464275e-09
1.894546096097417420e+00 1.857141635040080006e-09
2.053920997337224996e+00 1.850816792117835480e-09
2.226702993393843144e+00 1.844501566489533114e-09
2.414019929304533463e+00 1.838195943637514573e-09
2.617094527814621152e+00 1.831899480122600586e-09
2.837252370774936860e+00 1.825612454456069958e-09
3.075930551958348858e+00 1.819335009814668475e-09
3.334687057777176999e+00 1.813067178587377011e-09
3.615210937134700320e+00 1.806808920033470039e-09
3.919333326795093164e+00 1.800560270546333767e-09
4.249039404240535056e+00 1.794321263309651676e-09
4.606481346038536095e+00 1.788091814339649200e-09
4.993992376305997460e+00 1.781871912049641267e-09
5.414101996972200403e+00 1.775661170097368969e-09
5.869552499257215672e+00 1.769460059163105668e-09
6.363316864145432739e+00 1.763268644125117861e-09
6.898618168700561881e+00 1.757086778195537243e-09
7.478950624898160982e+00 1.750914572895383808e-09
8.108102388307806052e+00 1.744751957701288903e-09
8.790180285510023950e+00 1.738599031428758874e-09
9.529636621657793683e+00 1.732455733474446675e-09
1.033129824317047429e+01 1.726321838123342069e-09
1.120039804526872729e+01 1.720197380293054816e-09
1.214260913001788289e+01 1.714082529732928650e-09
1.316408183784831465e+01 1.707977384594444268e-09
1.427148389427836683e+01 1.701881850630204187e-09
1.547204393390019916e+01 1.695796008426800792e-09
1.677359868573376644e+01 1.689719819787880138e-09
1.818464412795430007e+01 1.683653285976229382e-09
1.971439094590911978e+01 1.677596439191593430e-09
2.137282465542899956e+01 1.671549059842187415e-09
2.317077078389287337e+01 1.665511137590811322e-09
2.511996553451943015e+01 1.659482890076110121e-09
2.723313239515071515e+01 1.653464360236778775e-09
2.952406519159640652e+01 1.647455488425377110e-09
3.200771812767487745e+01 1.641456348718981689e-09
3.470030339969216016e+01 1.635466851333306960e-09
3.761939702254423423e+01 1.629487126812345111e-09
4.078405355822815181e+01 1.623517098480058416e-09
4.421493049565970068e+01 1.617556631508963374e-09
4.793442309369481791e+01 1.611605612154436022e-09
5.196681056755019057e+01 1.605664317627228926e-09
5.633841457286396803e+01 1.599732725757300660e-09
6.107777102191168694e+01 1.593810885671394392e-09
6.621581635351722639e+01 1.587898762961742232e-09
7.178608947254738837e+01 1.581996357784644505e-09
7.782495067716327242e+01 1.576103757018183014e-09
8.437181900288813097e+01 1.570220844659105968e-09
9.146942953277027755e+01 1.564347730232539599e-09
9.916411235324946460e+01 1.558484032904212872e-09
1.075060949766270113e+02 1.552630042869106784e-09
1.165498302042211805e+02 1.546785786675821735e-09
1.263543515703557603e+02 1.540951310094362678e-09
1.369836586873624356e+02 1.535126603752574543e-09
1.485071350069606240e+02 1.529311653564129223e-09
1.610000007249790031e+02 1.523506466539533786e-09
1.745438037857799429e+02 1.517711089785163845e-09
1.892269521914487598e+02 1.511925509831302124e-09
2.051452910904306179e+02 1.506149694569510808e-09
2.224027284125933193e+02 1.500383457575533469e-09
2.411119131345880646e+02 1.494626852155487161e-09
2.613949706029295044e+02 1.488880085178527701e-09
2.833842997146569473e+02 1.483143122465038913e-09
3.072234371592245452e+02 1.477415990709768710e-09
3.330679943630137814e+02 1.471698691207735136e-09
3.610866732524278291e+02 1.465991175406164275e-09
3.914623674660231814e+02 1.460293539937178095e-09
4.243933562039136405e+02 1.454605670669599345e-09
4.600945985073639122e+02 1.448927640921782067e-09
4.987991364170654833e+02 1.443259373876687327e-09
5.407596161693005570e+02 1.437600671487178061e-09
5.862499373596837131e+02 1.431951892612457589e-09
6.355670408395127424e+02 1.426312918596252363e-09
6.890328470153182252e+02 1.420683825290078053e-09
7.469963572039890778e+02 1.415064610153274844e-09
8.098359317601958764e+02 1.409455215404821877e-09
8.779617598467199286e+02 1.403855711570057321e-09
9.518185369692877202e+02 1.398266047774895271e-09
1.031888367753651664e+03 1.392686330409129595e-09
1.118693912912995756e+03 1.387116442747806857e-09
1.212801800947678657e+03 1.381556350279183185e-09
1.314826326847397013e+03 1.376005980376680647e-09
1.425433461939256176e+03 1.370465494564422628e-09
1.545345201056319866e+03 1.364934872785245689e-09
1.675344275402989069e+03 1.359414214357576197e-09
1.816279261880772310e+03 1.353903440923532129e-09
1.969070122225866953e+03 1.348402571743431919e-09
2.134714208115590736e+03 1.342911633410023631e-09
2.314292771442423600e+03 1.337430668220141919e-09
2.508978022251791572e+03 1.331959560422817427e-09
2.720040780414770325e+03 1.326498423086422947e-09
2.948858770982448732e+03 1.321047212863665452e-09
3.196925617370392956e+03 1.315605744997192484e-09
3.465860591076736455e+03 1.310174131460251123e-09
3.757419181575866787e+03 1.304752552225132447e-09
4.073504555383216939e+03 1.299340864335102307e-09
4.416179979090997222e+03 1.293939114660890347e-09
4.787682287466948765e+03 1.288547422155432443e-09
5.190436484529991503e+03 1.283165635275625596e-09
5.627071572912090232e+03 1.277793852302154463e-09
6.100437714833650716e+03 1.272432062199940600e-09
6.613624836711529497e+03 1.267080226113894649e-09
7.169982798842545890e+03 1.261738402388717009e-09
7.773143261821264787e+03 1.256406597347134332e-09
8.427043392426461651e+03 1.251084721123124661e-09
9.135951563717782847e+03 1.245772651221293036e-09
9.904495217101821254e+03 1.240470601295055415e-09
1.073769106823859511e+04 1.235178586601138638e-09
1.164097785395958272e+04 1.229896545938770252e-09
1.262025183395472959e+04 1.224624591462423922e-09
1.368190527896789899e+04 1.219362642124639449e-09
1.483286819673465470e+04 1.214110758460297725e-09
1.608065356803136638e+04 1.208868868768512855e-09
1.743340638811622557e+04 1.203637049191524715e-09
1.889995683368351820e+04 1.198415259838771189e-09
2.048987790238160596e+04 1.193203574103251096e-09
2.221354790113990020e+04 1.188001913671301832e-09
2.408221819120174041e+04 1.182810310530888765e-09
2.610808663207228165e+04 1.177628778834964228e-09
2.830437720379183156e+04 1.172457144240015924e-09
3.068542632727359887e+04 1.167295589694705722e-09
3.326677644616732869e+04 1.162144120506560683e-09
3.606527748110969696e+04 1.157002768057351825e-09
3.909919681861127174e+04 1.151871474728586871e-09
4.238833855253798538e+04 1.146750281679022169e-09
4.595417275654399418e+04 1.141639268345943233e-09
4.981997563128946786e+04 1.136538327001376903e-09
5.401098144126278203e+04 1.131447485757459545e-09
5.855454723298351746e+04 1.126366802316960526e-09
6.348033140979590098e+04 1.121296261914493741e-09
6.882048732890856627e+04 1.116235797919804923e-09
7.460987318439855881e+04 1.111185518696073081e-09
8.088627954620322271e+04 1.106145397470555443e-09
8.769067604037487763e+04 1.101115397195430071e-09
9.506747878081767703e+04 1.096095538898848849e-09
1.030648402981861873e+05 1.091085728466814331e-09
1.117349638584710192e+05 1.086086049598392751e-09
1.211344442230076384e+05 1.081096577821143799e-09
1.313246370742392610e+05 1.076117264122052748e-09
1.423720595186835562e+05 1.071148169659890509e-09
1.543488242814087134e+05 1.066189224166509423e-09
1.673331104262547160e+05 1.061240490591194523e-09
1.814096736744485388e+05 1.056301983333091700e-09
1.966703996527538693e+05 1.051373666715419717e-09
2.132149036825144722e+05 1.046455577209833850e-09
2.311511810247519170e+05 1.041547690700659237e-09
2.505963118258291506e+05 1.036650041965793180e-09
2.716772253652628278e+05 1.031762590377817971e-09
2.945315285943498602e+05 1.026885426416244410e-09
3.193084043739509070e+05 1.022018464330518517e-09
3.461695852747313329e+05 1.017161755003267252e-09
3.752904092963961884e+05 1.012315315486168364e-09
4.068609643972018384e+05 1.007479118569476462e-09
4.410873293047159677e+05 1.002653189483612019e-09
4.781929187073052744e+05 9.978375141372573764e-10
5.184199416071654996e+05 9.930320074423781140e-10
5.620309823543851962e+05 9.882368009193381539e-10
6.093107146823315416e+05 9.834519216596727818e-10
6.605677599328469951e+05 9.786773014406940033e-10
7.161367016009120271e+05 9.739129815068185072e-10
7.763802693488553632e+05 9.691589964113983869e-10
8.416917067463890417e+05 9.644152825584056624e-10
9.124973381920414977e+05 9.596819221539305566e-10
9.892593517717127688e+05 9.549588869783480962e-10
1.072478816219657660e+06 9.502461448082886848e-10
1.162698951675260672e+06 9.455437841995232912e-10
1.260508675585690653e+06 9.408517690450807170e-10
1.366546446900524199e+06 9.361701049101026694e-10
1.481504433651555795e+06 9.314987561616005062e-10
1.606133031121908221e+06 9.268378125977488658e-10
1.741245760097114369e+06 9.221872073860859760e-10
1.887724577171745244e+06 9.175470035160695145e-10
2.046525631774975453e+06 9.129171634125664474e-10
2.218685507494409103e+06 9.082977126715626887e-10
2.405327988438793924e+06 9.036886658716571394e-10
2.607671394807442091e+06 8.990900029679427986e-10
2.827036535549805500e+06 8.945017456067295146e-10
3.064855330026584212e+06 8.899239012868157893e-10
3.322680154950857162e+06 8.853564701440766883e-10
3.602193977621936239e+06 8.807994929373049146e-10
3.905221341597258113e+06 8.762529329039348675e-10
4.233740276511916891e+06 8.717168081262165248e-10
4.589895209788020700e+06 8.671911408627699470e-10
4.976010964515697211e+06 8.626758964905857476e-10
5.394607934877881780e+06 8.581711266609973764e-10
5.848418538177371956e+06 8.536768381422118792e-10
6.340405050857674330e+06 8.491929854230812744e-10
6.873778944943637587e+06 8.447196359743310621e-10
7.452021851121176966e+06 8.402567626633044301e-10
8.078908285294388421e+06 8.358043402552668479e-10
8.758530286968860775e+06 8.313624372927732270e-10
9.495324130289368331e+06 8.269310335001622307e-10
1.029409928209071234e+07 8.225101356354599654e-10
1.116006979598607309e+07 8.180997702448880682e-10
1.209888834742089547e+07 8.136999376293578886e-10
1.311668313185698353e+07 8.093106325323646255e-10
1.422009786694295332e+07 8.049318431960375565e-10
1.541633515978734195e+07 8.005636192132325064e-10
1.671320352241622470e+07 7.962059752341440633e-10
1.811916834231310710e+07 7.918588727280339312e-10
1.964340714075254649e+07 7.875223312479692763e-10
2.129586947963125631e+07 7.831963666485318596e-10
2.308734190784163401e+07 7.788809876760924910e-10
2.502951837112817913e+07 7.745762050740744138e-10
2.713507654503363371e+07 7.702820205666220844e-10
2.941776058919997886e+07 7.659984294116877220e-10
3.189247086321120709e+07 7.617254547565283138e-10
3.457536118960022181e+07 7.574631016301850560e-10
3.748394429891280085e+07 7.532113779641921622e-10
4.063720614512687176e+07 7.489702655354725688e-10
4.405572983762617409e+07 7.447398142349372990e-10
4.776182999870581925e+07 7.405200111514934042e-10
5.177969842363168299e+07 7.363108488207820472e-10
5.613556199406270683e+07 7.321123587933756506e-10
6.085785387562429160e+07 7.279245570274520750e-10
6.597739911713274568e+07 7.237473742972943517e-10
7.152761586298696697e+07 7.195809090502020949e-10
7.754473349214625359e+07 7.154251019283995125e-10
8.406802910761599243e+07 7.112800094139314638e-10
9.114008392013870180e+07 7.071456133875817861e-10
9.880706119964666665e+07 7.030219352286199565e-10
1.071190076088302135e+08 6.989089841430143597e-10
1.161301798857834041e+08 6.948067368973939572e-10
1.258993990081807822e+08 6.907152562460918887e-10
1.364904341508002877e+08 6.866345074938545707e-10
1.479724189427095354e+08 6.825645192821285570e-10
1.604203027412558794e+08 6.785052633516868788e-10
1.739153398685722053e+08 6.744568080197973617e-10
1.885456200041348636e+08 6.704191085178134339e-10
2.044066431955245137e+08 6.663922050693618977e-10
2.216019432408241928e+08 6.623760898488560038e-10
2.402437635118156374e+08 6.583707726489386776e-10
2.604537896294410527e+08 6.543762476085974941e-10
2.823639437741371393e+08 6.503925689803481458e-10
3.061172458159208894e+08 6.464196990399846600e-10
3.318687468853394389e+08 6.424576794678400501e-10
3.597865414791908264e+08 6.385064653831386557e-10
3.900528647076268792e+08 6.345661172231800114e-10
4.228652818449752331e+08 6.306366348284257924e-10
4.584379779491289258e+08 6.267180018340799302e-10
4.970031559676129818e+08 6.228102558439929981e-10
5.388125524565014839e+08 6.189133681481785669e-10
5.841390808061738014e+08 6.150274010239045247e-10
6.332786127001557350e+08 6.111523201062112305e-10
6.865519094355952740e+08 6.072881562240632456e-10
7.443067157122514248e+08 6.034348764681646855e-10
8.069200295572519302e+08 5.995924648153233612e-10
8.748005632027593851e+08 5.957609925237820054e-10
9.483914109800528288e+08 5.919404412538480453e-10
1.028172941644826293e+09 5.881308593089450059e-10
1.114665934013624191e+09 5.843322134215525832e-10
1.208434976379357576e+09 5.805445328836850600e-10
1.310092151895920038e+09 5.767678438389237770e-10
1.420301033988344669e+09 5.730021461648934630e-10
1.539781017868896246e+09 5.692474183223246464e-10
1.669312016433299780e+09 5.655037082846882249e-10
1.809739551189779282e+09 5.617710137547173152e-10
1.961980271452423096e+09 5.580493188260271433e-10
2.127027937825545073e+09 5.543386603339014813e-10
2.305959909036772728e+09 5.506390378498482607e-10
2.499944174462004662e+09 5.469504774119147417e-10
2.710246978247368336e+09 5.432728688461460057e-10
2.938241084795335293e+09 5.396063140349022040e-10
3.185414739568160534e+09 5.359508435608680017e-10
3.453381383701167107e+09 5.323064471737109973e-10
3.743890185838264465e+09 5.286731425143494993e-10
4.058837459937188148e+09 5.250509113385138701e-10
4.400279043574787140e+09 5.214398224605814273e-10
4.770443717552318573e+09 5.178398506225807929e-10
5.171747754398451805e+09 5.142510146227297783e-10
5.606810690735728264e+09 5.106733039634099242e-10
6.078472426465977669e+09 5.071067511002931281e-10
6.589811762390542030e+09 5.035512947522126321e-10
7.144166497270466805e+09 5.000069436187293018e-10
7.745155215512084007e+09 4.964737688755285920e-10
8.396700907697645187e+09 4.929517844750432959e-10
9.103056578146141052e+09 4.894410012342341506e-10
9.868833006658994675e+09 4.859414235237444283e-10
1.069902884566670609e+10 4.824530601167933604e-10
1.159906324923834801e+10 4.789759171436550338e-10
1.257481124694055176e+10 4.755100088704054518e-10
1.363264209345238113e+10 4.720553510659640682e-10
1.477946084426410103e+10 4.686118109603556530e-10
1.602275342884896278e+10 4.651795339215033441e-10
1.737063551552548599e+10 4.617585442953828394e-10
1.883190548697785950e+10 4.583488359607139350e-10
2.041610187223710632e+10 4.549504243626814261e-10
2.213356561001168442e+10 4.515633376967688647e-10
2.399550754979698944e+10 4.481875386222642380e-10
2.601408163138079453e+10 4.448230779164374921e-10
2.820246422042722321e+10 4.414698162828868503e-10
3.057494011800959015e+10 4.381279018140535795e-10
3.314699580552139664e+10 4.347973363541566044e-10
3.593542053363092041e+10 4.314781534484111003e-10
3.895841591513996887e+10 4.281703547199860352e-10
4.223571473712403870e+10 4.248739428780192006e-10
4.578870976790625000e+10 4.215889362265524603e-10
4.964059339965864563e+10 4.183151662927848405e-10
5.381650903816069031e+10 4.150528386059312803e-10
5.834371522791561127e+10 4.118019380174630071e-10
6.325176358396578217e+10 4.085624880552025936e-10
6.857269169186654663e+10 4.053344900483347787e-10
7.434123223498178101e+10 4.021179607803936890e-10
8.059503971419914246e+10 3.989128215667155147e-10
8.737493623998309326e+10 3.957190860194633081e-10
9.472517800119808960e+10 3.925368695647378057e-10
1.026937441500832672e+11 3.893661671922950253e-10
1.113326499891014404e+11 3.862069725905135766e-10
1.206982865040057983e+11 3.830593264845998895e-10
1.308517884594420776e+11 3.799230792100368661e-10
1.418594334598643188e+11 3.767983611512468837e-10
1.537930745806443481e+11 3.736852120031189681e-10
1.667306093934132385e+11 3.705836371524414001e-10
1.807564884472224121e+11 3.674936682514670550e-10
1.959622665246581421e+11 3.644152279165931348e-10
2.124472002712852173e+11 3.613482890646898011e-10
2.303188960994607239e+11 3.582929827079678470e-10
2.496940125957681274e+11 3.552493217043046419e-10
2.706990220170729980e+11 3.522173166385410153e-10
2.934710358459008179e+11 3.491968893902509407e-10
3.181586997940259399e+11 3.461880422160754632e-10
3.449231640964291992e+11 3.431908748750992436e-10
3.739391354293140259e+11 3.402054190953471762e-10
4.053960173186015015e+11 3.372316738883301570e-10
4.394991464830233765e+11 3.342695088885794635e-10
4.764711331821062012e+11 3.313190324885256930e-10
5.165533143182310181e+11 3.283803231281212491e-10
5.600073287780258789e+11 3.254533642379100701e-10
6.071168252961717529e+11 3.225381203180455225e-10
6.581893139898564453e+11 3.196345245934233649e-10
7.135581736498635254e+11 3.167427447442032986e-10
7.735848278909821777e+11 3.138627880859909785e-10
8.386611043667601318e+11 3.109945994789207749e-10
9.092117924484309082e+11 3.081381112796907388e-10
9.856974160635181885e+11 3.052934735947060717e-10
1.068617239793889038e+12 3.024607097712066679e-10
1.158512527855829102e+12 2.996397487102748101e-10
1.255970077235304443e+12 2.968305571927187388e-10
1.361626048041111084e+12 2.940332783336860132e-10
1.476170116078897949e+12 2.912479200467607176e-10
1.600349974752094971e+12 2.884743556122636834e-10
1.734976215676306641e+12 2.857126696937179134e-10
1.880927619865636963e+12 2.829629509217099159e-10
2.039156894029409180e+12 2.802251966262639384e-10
2.210696889423485840e+12 2.774992331215659667e-10
2.396667343849899414e+12 2.747852746341048064e-10
2.598282190813800781e+12 2.720833432782400123e-10
2.816857483548623535e+12 2.693932889992618626e-10
3.053819985633912598e+12 2.667152247487835038e-10
3.310716484281860352e+12 2.640492295870241501e-10
3.589223887085257812e+12 2.613951987282238363e-10
3.891160168134377930e+12 2.587531509301026450e-10
4.218496234953843750e+12 2.561232219384226610e-10
4.573368793721965820e+12 2.535053164473851282e-10
4.958094296750947266e+12 2.508994189970508312e-10
5.375184063270767578e+12 2.483056699823640841e-10
5.827360672219075195e+12 2.457240116529203092e-10
6.317575734041416992e+12 2.431543878509276894e-10
6.849029157508844727e+12 2.405969652694555329e-10
7.425190037318036133e+12 2.380516369925406948e-10
8.049819298818716797e+12 2.355184434725676547e-10
8.726994247683929688e+12 2.329974905233448775e-10
9.461135184771707031e+12 2.304886177368564641e-10
1.025703425990931055e+13 2.279919734803867960e-10
1.111988675294379297e+13 2.255075983525741052e-10
1.205532498624876758e+13 2.230353281445782761e-10
1.306945509005302344e+13 2.205753803179096765e-10
1.416889686057837305e+13 2.181276537754894591e-10
1.536082697116441211e+13 2.156921765393952714e-10
1.665302581844190234e+13 2.132690767754138795e-10
1.805392830934734766e+13 2.108581249237681522e-10
1.957267892049368359e+13 2.084595928750303423e-10
2.121919138929963672e+13 2.060733350600342728e-10
2.300421342651713672e+13 2.036994400230899889e-10
2.493939687256942188e+13 2.013379405949281742e-10
2.703737375565160938e+13 1.989887312701718449e-10
2.931183874806700391e+13 1.966520424741016605e-10
3.177763855903659766e+13 1.943276098742169961e-10
3.445086884750166406e+13 1.920157151686993383e-10
3.734897928752003125e+13 1.897161682399254200e-10
4.049088747208085938e+13 1.874291521585137526e-10
4.389710239884786719e+13 1.851545609514324437e-10
4.758985834389515625e+13 1.828925047454430180e-10
5.159325999730358594e+13 1.806429128079007225e-10
5.593343980799682812e+13 1.784058676986838750e-10
6.063872856490021875e+13 1.761813586336745309e-10
6.573984032789515625e+13 1.739693983159597775e-10
7.127007291572231250e+13 1.717700235253469942e-10
7.726552525952915625e+13 1.695832533231771467e-10
8.376533304084678125e+13 1.674090598147059532e-10
9.081192415214501562e+13 1.652475519821305014e-10
9.845129564749042188e+13 1.630986134542233098e-10
1.067333139911303438e+14 1.609624463180507992e-10
1.157120405638827031e+14 1.588388383160778409e-10
1.254460845521037969e+14 1.567280476695876630e-10
1.359989855227352656e+14 1.546298818831671586e-10
1.474396281817063438e+14 1.525445347317244262e-10
1.598426920230654375e+14 1.504719297483236951e-10
1.732891388039368125e+14 1.484120873378924274e-10
1.878667410273390938e+14 1.463651100712818908e-10
2.036706548825645625e+14 1.443308629383058921e-10
2.208040413830139688e+14 1.423095312905689731e-10
2.393787397560217812e+14 1.403010475724153813e-10
2.595159974802395312e+14 1.383054248587921017e-10
2.813472617359694375e+14 1.363227862943445630e-10
3.050150374346588750e+14 1.343530169982304636e-10
3.306738174284203750e+14 1.323962170893717052e-10
3.584910909715687500e+14 1.304524433114939308e-10
3.886484370169536250e+14 1.285216146085691072e-10
4.213427094836810625e+14 1.266038422370670836e-10
4.567873222330892500e+14 1.246991710743804549e-10
4.952136421407728125e+14 1.228075539794521716e-10
5.368724993580058750e+14 1.209290244576089503e-10
5.820358246208781250e+14 1.190636863959686923e-10
6.309984242947868750e+14 1.172115488331851329e-10
6.840799047410070000e+14 1.153725581659287358e-10
7.416267585667432500e+14 1.135468304650896571e-10
8.040146263767886250e+14 1.117344020195754551e-10
8.716507487905528750e+14 1.099353239244825193e-10
9.449766247300520000e+14 1.081495850386716199e-10
1.024470893331124625e+15 1.063772306883492187e-10
1.110652458289633500e+15 1.046183761800516180e-10
1.204083875037037250e+15 1.028730377583900024e-10
1.305375022855384750e+15 1.011413058360072465e-10
1.415187085901537750e+15 9.942323430366638789e-11
1.534236869127195250e+15 9.771884724922008319e-11
1.663301477266993500e+15 9.602824901572427120e-11
1.803223387437200000e+15 9.435159410948057730e-11
1.954915948456493250e+15 9.268895535023593856e-11
2.119369342786236750e+15 9.104045565438510365e-11
2.297657050006991000e+15 8.940619857431048522e-11
2.490942854022050000e+15 8.778631325628881916e-11
2.700488439728064500e+15 8.618086690444000779e-11
2.927661628740184000e+15 8.458980274943776242e-11
3.173945307931306500e+15 8.301277621790936443e-11
3.440947109066739500e+15 8.144879952074531067e-11
3.730409902718748500e+15 7.989531351192342319e-11
4.044223174960841500e+15 7.834656680219430501e-11
4.384435361103392500e+15 7.679077904977393042e-11
4.753267216980420000e+15 7.521087043730865314e-11
5.153126315068964000e+15 7.360903659040929114e-11
5.586622760065502000e+15 7.206039269025753623e-11
6.056586226504028000e+15 7.067705476911318051e-11
6.566084429629218000e+15 6.947135120316842316e-11
7.118443150095319000e+15 6.837424997324028369e-11
7.717267943202550000e+15 6.732487135935386423e-11
8.366467674379580000e+15 6.628989747173503840e-11
9.070280034541732000e+15 6.524911420911872926e-11
9.833299201876992000e+15 6.417817800071019911e-11
1.066050583062511200e+16 6.302642779155602440e-11
1.155729956260245200e+16 6.167763931350189275e-11
1.252953427369378200e+16 5.983522471268703437e-11
1.358355628538522600e+16 5.679368802796927848e-11
1.472624579076497000e+16 5.090503598368570324e-11
1.596506176540445200e+16 3.886488626069084116e-11
1.730809065627695600e+16 1.700129725623785977e-11
1.876409916653491600e+16 5.170345182801593446e-13
2.034259148069962000e+16 1.223849337552856079e-10
2.205387130380697600e+16 9.034157443759770521e-10
2.390910911947160800e+16 3.397761105085721059e-09
2.592041510590104400e+16 8.338787886040646869e-09
2.810091818582476400e+16 1.551000816133518320e-08
3.046485172633838400e+16 2.442568281072325641e-08
3.302764644807789600e+16 3.543012671880402486e-08
3.580603115019133600e+16 4.932195262295830325e-08
3.881814190859713600e+16 6.740144424777342103e-08
4.208364046032913600e+16 9.127416948863400239e-08
4.562384254672470400e+16 1.231151035423728820e-07
4.946185705323003200e+16 1.657311238208111760e-07
5.362273685406167200e+16 2.226610881567134163e-07
5.813364234637337600e+16 2.990334102055081726e-07
6.302401874141008000e+16 4.012359695673843319e-07
6.832578826992079200e+16 5.379110164765711335e-07
7.407355855647227200e+16 7.205683560768300358e-07
8.030484852283268800e+16 9.653239814621354116e-07
8.706033329502531200e+16 1.291620576246138397e-06
9.438410971270198400e+16 1.727748353957518182e-06
1.023239841739544000e+17 2.309298432496615300e-06
1.109317846945015680e+17 3.083549364582573296e-06
1.202636992182287520e+17 4.114671697089455043e-06
1.303806423874235840e+17 5.486035036404809865e-06
1.413486531668299520e+17 7.308567440297086902e-06
1.532393259170196480e+17 9.727778455285711565e-06
1.661302777309597760e+17 1.293536925366935425e-05
1.801056550843275840e+17 1.718426062267085141e-05
1.952566831067780800e+17 2.280611654979206629e-05
2.116822610595436480e+17 3.023496193244263122e-05
2.294896079064106880e+17 4.004283001526627567e-05
2.487949621920561280e+17 5.297104111076331742e-05
2.697243407962483520e+17 6.999510016830088287e-05
2.924143615167390720e+17 9.211716666753206955e-05
3.170131348502733440e+17 1.210224326163728681e-04
3.436812307929160960e+17 1.587260955777370340e-04
3.725927269705108480e+17 2.078019334639782858e-04
4.039363449410167040e+17 2.715205212071906092e-04
4.379166820860224640e+17 3.540238352885897825e-04
4.747555471326382080e+17 4.605389416411474627e-04
5.146934080235278080e+17 5.976004980803477969e-04
5.579909615860954880e+17 7.733490837184528498e-04
6.049308352469519360e+17 9.977902493107449269e-04
6.558194318997313280e+17 1.283155366346057022e-03
7.109889299686735360e+17 1.644199062197408950e-03
7.707994517236056320e+17 2.098456361533198190e-03
8.356414140000586240e+17 2.666447024096735199e-03
9.059380766690112000e+17 3.371671882163043699e-03
9.821483054915901440e+17 4.240315928931126174e-03
1.064769567393322752e+18 5.300552299993403424e-03
1.154341177709919232e+18 6.581178984494552749e-03
1.251447820601074944e+18 8.109446825138449944e-03
1.356723365612039936e+18 9.907774407648598305e-03
1.470855005295851776e+18 1.198920327868299718e-02
1.594587740904652800e+18 1.435142580175301913e-02
1.728729245430929664e+18 1.696945804125951293e-02
1.874155135742300160e+18 1.978743867883106522e-02
2.031814688224180992e+18 2.271043459368482856e-02
2.202737035239312896e+18 2.559794210498404082e-02
2.388037882852200960e+18 2.826164082971206401e-02
2.588926793668613120e+18 3.047038428504520932e-02
2.806715082329379328e+18 3.196620642054924522e-02
3.042824375196925952e+18 3.249417462343191787e-02
3.298795890108096000e+18 3.184552989997108813e-02
3.576300496767842304e+18 2.991156245573142400e-02
3.877149623453305344e+18 2.673616428583261775e-02
4.203307081222546944e+18 2.255008667248937712e-02
4.556901882811367936e+18 1.776678158366562163e-02
4.940242139893835776e+18 1.292304750739209709e-02
5.355830129422408704e+18 8.565763002771415585e-03
5.806378627393611776e+18 5.112352264030799523e-03
6.294828616659075072e+18 2.738728718521261755e-03
6.824368484371002368e+18 1.351903658616572957e-03
7.398454834373848064e+18 6.708224804832970930e-04
8.020835050397318144e+18 3.753704415697284064e-04
8.695571757332611072e+18 2.351803423602343544e-04
9.427069340264562688e+18 1.467866002497221468e-04
1.022010269436473139e+19 8.647201027268028414e-05
1.107984839331094938e+19 4.979837504841740521e-05
1.201191847968862618e+19 2.906515918498506898e-05
1.302239709794157158e+19 1.714552353472089156e-05
1.411788020899652813e+19 1.007970839507314753e-05
1.530551864580160717e+19 5.872604903675764581e-06
1.659306479082466509e+19 3.466394390132121624e-06
1.798892318020400742e+19 2.029815350588135653e-06
1.950220536487133594e+19 1.194783318070431664e-06
2.114278938675784090e+19 7.013910072349550374e-07
2.292138425831560397e+19 4.130698455148803582e-07
2.484959986625136640e+19 2.411344073415837057e-07
2.694002275577127731e+19 1.421432028881513370e-07
2.920629829002361242e+19 8.248099350274909716e-08
3.166321972104147354e+19 4.809233587160872382e-08
3.432682475359800525e+19 2.858812652012595273e-08
3.721450023230521344e+19 1.665508963391030695e-08
4.034509563530435789e+19 9.724187021908340065e-09
4.373904611538603213e+19 5.691308730381192737e-09
4.741850589170003968e+19 3.338125676676093945e-09
5.140749286277264998e+19 1.962163440979647986e-09
