5.000000079496005195e-02 2.151638965651038774e-09
5.420669317320390285e-02 2.144877336802125005e-09
5.876731076112409746e-02 2.138125029092380132e-09
6.371163064788752661e-02 2.131382020913956034e-09
6.907193518370205454e-02 2.124648448981936316e-09
7.488322275706386921e-02 2.117923807849663221e-09
8.118343630550500789e-02 2.111208368933646906e-09
8.801371105182936860e-02 2.104502591344421282e-09
9.541864308335056000e-02 2.097806268345907554e-09
1.034465805277347827e-01 2.091119542334982525e-09
1.121499392265865175e-01 2.084442326371354828e-09
1.215855449678677480e-01 2.077774761129805942e-09
1.318150045116465996e-01 2.071116725027099646e-09
1.429051078316692092e-01 2.064467845845854031e-09
1.549282641990625820e-01 2.057828248676695044e-09
1.679629749554359675e-01 2.051198131481560562e-09
1.820943460622023446e-01 2.044577471312902811e-09
1.974146437726450876e-01 2.037966308642847713e-09
2.140238970548133945e-01 2.031364588244225066e-09
2.320305506985725352e-01 2.024772346491154180e-09
2.515521733710624486e-01 2.018189585192842838e-09
2.727162252435854084e-01 2.011616278499264517e-09
2.956608902018959539e-01 2.005052060360440533e-09
3.205359780735440034e-01 1.998497377004848472e-09
3.475039027630737465e-01 1.991952148493198485e-09
3.767407426814995963e-01 1.985416454805138563e-09
4.084373903937919548e-01 1.978890271383006839e-09
4.428007989906285191e-01 1.972373677096094921e-09
4.800553333221944663e-01 1.965866604719343852e-09
5.204442349164787318e-01 1.959369080192428332e-09
5.642312101467827912e-01 1.952880717134242574e-09
6.117021520178680394e-01 1.946401731478926012e-09
6.631670068125964379e-01 1.939932316174962925e-09
7.189617977867306386e-01 1.933472407852198374e-09
7.794508191249618356e-01 1.927022088608672526e-09
8.450290144828990213e-01 1.920581286812882775e-09
9.161245556449386651e-01 1.914150031212332430e-09
9.932016381345466494e-01 1.907728383409961714e-09
1.076763512029977221e+00 1.901316321902715536e-09
1.167355767774184372e+00 1.894913386286640677e-09
1.265569898432550744e+00 1.888519934947987120e-09
1.372047161657068415e+00 1.882136057258945239e-09
1.487482766572412407e+00 1.875761789968168079e-09
1.612630412920848855e+00 1.869397069738114363e-09
1.748307212102863550e+00 1.863041976617888370e-09
1.895399022243857923e+00 1.856696427931709147e-09
2.054866232120538427e+00 1.850360540449148459e-09
2.227750031711265510e+00 1.844034213564842206e-09
2.415179210311936941e+00 1.837717118461449986e-09
2.618377526603490324e+00 1.831409510702523538e-09
2.838671698791545239e+00 1.825111528350214851e-09
3.077500066987223448e+00 1.818823137128893379e-09
3.336421984387372142e+00 1.812544406816018070e-09
3.617127998570922376e+00 1.806275312522132920e-09
3.921450889386844274e+00 1.800015780700490636e-09
4.251377635502096908e+00 1.793765958733662267e-09
4.609062387741255762e+00 1.787525699931926141e-09
4.996840533923121441e+00 1.781294853723503952e-09
5.417243947026126882e+00 1.775073483925798924e-09
5.873017516240540026e+00 1.768861714274100125e-09
6.367137068841667968e+00 1.762659570911148480e-09
6.902828799899199730e+00 1.756467082271537073e-09
7.483590336682710564e+00 1.750284310832936391e-09
8.113213575296652991e+00 1.744111149621445593e-09
8.795809438649223821e+00 1.737947702565813211e-09
9.535834717404434002e+00 1.731793836456308849e-09
1.033812116916668700e+01 1.725649698009231491e-09
1.120790706589167307e+01 1.719514839962583149e-09
1.215087139550233175e+01 1.713389589853299155e-09
1.317317094101820274e+01 1.707274093745510478e-09
1.428148047929466102e+01 1.701168258319339739e-09
1.548303636183660892e+01 1.695072056833992567e-09
1.678568376223376646e+01 1.688985608041251884e-09
1.819792789870421856e+01 1.682908850709988949e-09
1.972898956618776722e+01 1.676841793917133936e-09
2.138886534056775801e+01 1.670784468286842934e-09
2.318839284810569268e+01 1.664736776513074421e-09
2.513932152624449401e+01 1.658698463097379702e-09
2.725438933779009076e+01 1.652669865298048022e-09
2.954740593935240156e+01 1.646650954120020356e-09
3.203334284706697588e+01 1.640641802024278657e-09
3.472843118830579812e+01 1.634642361734007159e-09
3.765026767761517590e+01 1.628652655584807485e-09
4.081792950881717275e+01 1.622672673891870766e-09
4.425209891342534263e+01 1.616702499184802734e-09
4.797519819863897794e+01 1.610742017441101333e-09
5.201153614660348268e+01 1.604791308868725089e-09
5.638746673080311211e+01 1.598850066997537467e-09
6.113156118587476584e+01 1.592918475192293070e-09
6.627479455431679867e+01 1.586996681971269934e-09
7.185074792808995880e+01 1.581084644310750923e-09
7.789582770558234870e+01 1.575182375597585328e-09
8.444950329550552226e+01 1.569289874090825965e-09
9.155456481973436667e+01 1.563407144293802288e-09
9.925740249767747514e+01 1.557534201923866793e-09
1.076083095363299691e+02 1.551671067678247008e-09
1.166618105036302211e+02 1.545817686558324180e-09
1.264770173291312716e+02 1.539974156070281973e-09
1.371180152563773618e+02 1.534140077264224804e-09
1.486542812669383125e+02 1.528315774270147577e-09
1.611611377080682246e+02 1.522501284925535652e-09
1.747202440858020509e+02 1.516696615719441848e-09
1.894201302344985720e+02 1.510901773327241628e-09
2.053567743439868991e+02 1.505116736094847680e-09
2.226342296183610188e+02 1.499341539108196884e-09
2.413653036579869138e+02 1.493576157012646712e-09
2.616722950005333246e+02 1.487820624410627744e-09
2.836877916300309153e+02 1.482074947772367204e-09
3.075555366675700952e+02 1.476339063708337169e-09
3.334313668958883454e+02 1.470612882050169381e-09
3.614842302456374910e+02 1.464896390184332469e-09
3.918972888866875337e+02 1.459189809846297419e-09
4.248691151267429973e+02 1.453493062971781487e-09
4.606149879255092969e+02 1.447806190393953631e-09
4.993682984895850723e+02 1.442129195386573444e-09
5.413820741254538689e+02 1.436462046093322388e-09
5.869306303000960270e+02 1.430804811020411642e-09
6.363113616958073635e+02 1.425157445692921921e-09
6.898466839533529082e+02 1.419519969604576178e-09
7.478861387814391719e+02 1.413892360535520795e-09
8.108086761771431838e+02 1.408274688106820300e-09
8.790251286583235242e+02 1.402666734824919272e-09
9.529808936627217690e+02 1.397068573614950766e-09
1.033158841627616312e+03 1.391480330239604092e-09
1.120082468737400404e+03 1.385901988734402408e-09
1.214319314923953470e+03 1.380333580280493175e-09
1.316484669436503737e+03 1.374775099306448525e-09
1.427245588175361945e+03 1.369226540977490837e-09
1.547325249019380408e+03 1.363687939206164690e-09
1.677507673583865881e+03 1.358159248998681078e-09
1.818642846238145694e+03 1.352640511030370077e-09
1.971652263805772463e+03 1.347131725973934459e-09
2.137534952182350025e+03 1.341632891504555817e-09
2.317373989154554693e+03 1.336144019968714601e-09
2.512343576009034223e+03 1.330664962923542906e-09
2.723716704102912445e+03 1.325195760017114643e-09
2.952873466452406774e+03 1.319736549285628181e-09
3.201310068607339872e+03 1.314287314765536637e-09
3.470648597645188602e+03 1.308848021175866351e-09
3.762647613068171722e+03 1.303418804841656522e-09
4.079213628753251214e+03 1.297999504209936876e-09
4.422413560922741453e+03 1.292590222473096663e-09
4.794488223410560749e+03 1.287190945428225974e-09
5.197866958337182950e+03 1.281801686999415915e-09
5.635183497719451225e+03 1.276422410081373072e-09
6.109293159578724953e+03 1.271053153141216971e-09
6.623291490823704407e+03 1.265693953340619173e-09
7.180534478630694139e+03 1.260344739150361055e-09
7.784660462285032736e+03 1.255005503722498256e-09
8.439613888550009506e+03 1.249676166168747629e-09
9.149671065666354480e+03 1.244356899358392681e-09
9.919468084134714445e+03 1.239047605532012749e-09
1.075403108658108249e+04 1.233748445831513597e-09
1.165880908434219782e+04 1.228459310024364339e-09
1.263970953503671444e+04 1.223180179744534040e-09
1.370313691341416961e+04 1.217911180456074167e-09
1.485603452731784637e+04 1.212652252188358256e-09
1.610592985178541858e+04 1.207403424836343395e-09
1.746098367728185985e+04 1.202164629256961503e-09
1.893004339296222315e+04 1.196935911213496689e-09
2.052270075286019346e+04 1.191717326300833404e-09
2.224935450216850222e+04 1.186508825901030375e-09
2.412127827250876726e+04 1.181310409040647810e-09
2.615069418949190731e+04 1.176122088779903915e-09
2.835085267316557292e+04 1.170943900580916633e-09
3.073611895238014404e+04 1.165775703335270765e-09
3.332206685794111399e+04 1.160617595651451270e-09
3.612558050694014673e+04 1.155469630889095648e-09
3.916496454217996506e+04 1.150331817173834183e-09
4.246006364646610018e+04 1.145204101712210928e-09
4.603239211209559289e+04 1.140086540035123157e-09
4.990527431152555801e+04 1.134979176375120032e-09
5.410399698637848633e+04 1.129881911192396424e-09
5.865597434910821903e+04 1.124794825675492736e-09
6.359092707530362532e+04 1.119717910191338593e-09
6.894107635530333209e+04 1.114651179171775440e-09
7.474135427211917704e+04 1.109594603487498421e-09
8.102963187926354294e+04 1.104548218468277407e-09
8.784696646764142497e+04 1.099512030433380403e-09
9.523786963595717680e+04 1.094486032114308292e-09
1.032505979149164486e+05 1.089470256634646782e-09
1.119374678427581530e+05 1.084464657085179378e-09
1.213551975493047066e+05 1.079469267680619736e-09
1.315652770787913469e+05 1.074484099861190263e-09
1.426343698693794431e+05 1.069509161156655690e-09
1.546347480106856674e+05 1.064544354419484842e-09
1.676447641212010058e+05 1.059589780003736075e-09
1.817493629265720374e+05 1.054645430273167282e-09
1.970406358789303340e+05 1.049711316949859559e-09
2.136184224384811532e+05 1.044787459235801255e-09
2.315909619432208128e+05 1.039873868821261135e-09
2.510756003229648049e+05 1.034970520330480197e-09
2.721995562719430891e+05 1.030077460099762822e-09
2.951007518824432045e+05 1.025194671337630639e-09
3.199287131628565257e+05 1.020322174689867777e-09
3.468455463197713834e+05 1.015459966849750877e-09
3.760269961784338229e+05 1.010608024015341651e-09
4.076635936521912809e+05 1.005766421043967185e-09
4.419618997529590270e+05 1.000935109349246250e-09
4.791458542650627787e+05 9.961140573451430183e-10
5.194582378882076591e+05 9.913033791293239988e-10
5.631622573961548042e+05 9.865030251790728028e-10
6.105432641608947888e+05 9.817129548951767211e-10
6.619106172628700733e+05 9.769332221756691921e-10
7.175997033518260578e+05 9.721638627027459717e-10
7.779741264463244006e+05 9.674048292385407464e-10
8.434280819695105311e+05 9.626561491855202039e-10
9.143889305216490757e+05 9.579178382936174181e-10
9.913199881940260530e+05 9.531898750159576117e-10
1.074723551642708015e+06 9.484723169772367088e-10
1.165144177673383150e+06 9.437651098805299644e-10
1.263172238750291523e+06 9.390682931844879640e-10
1.369447777643796988e+06 9.343818402320030280e-10
1.484664686384283006e+06 9.297057958185400613e-10
1.609575236807516078e+06 9.250401619128913887e-10
1.744994992272211006e+06 9.203849289536343302e-10
1.891808132619303418e+06 9.157401189622946844e-10
2.050973227140492760e+06 9.111057123801532631e-10
2.223529493248867802e+06 9.064817191953082227e-10
2.410603581715547945e+06 9.018681504951769278e-10
2.613416932774380315e+06 8.972650286109174917e-10
2.833293751124022529e+06 8.926723459857036585e-10
3.071669651897623204e+06 8.880901355330991512e-10
3.330101034051184542e+06 8.835183331332223008e-10
3.610275242371140048e+06 8.789570537563232417e-10
3.914021584450710565e+06 8.744062499685049188e-10
4.243323274566891603e+06 8.698658965268762838e-10
4.600330382441669703e+06 8.653360437927446742e-10
4.987373871432406828e+06 8.608166939412117029e-10
5.406980817809136584e+06 8.563078319786549690e-10
5.861890910488185473e+06 8.518094814408484739e-10
6.355074338951926678e+06 8.473216387230277199e-10
6.889751186147821136e+06 8.428443324643954300e-10
7.469412452986977063e+06 8.383775575928596895e-10
8.097842851714218967e+06 8.339213000325721512e-10
8.779145516972523183e+06 8.294755883887799808e-10
9.517768795903822407e+06 8.250404312044234955e-10
1.031853529220461100e+07 8.206158133551219613e-10
1.118667335376903415e+07 8.162017697488327693e-10
1.212785120950910822e+07 8.117983128537728525e-10
1.314821397823652998e+07 8.074054035421067950e-10
1.425442379124398716e+07 8.030230755090410885e-10
1.545370329055410996e+07 7.986513607523297492e-10
1.675388278684257902e+07 7.942902508330472166e-10
1.816345138493963331e+07 7.899397168035697555e-10
1.969161241071561724e+07 7.855997954387989178e-10
2.134834350124474987e+07 7.812705139807388991e-10
2.314446175058421493e+07 7.769518215832106967e-10
2.509169433651950210e+07 7.726438098361207825e-10
2.720275508940859511e+07 7.683463997239925037e-10
2.949142750305745751e+07 7.640596694763010194e-10
3.197265472962085158e+07 7.597835730252935805e-10
3.466263714611857384e+07 7.555181498001871016e-10
3.757893812959998101e+07 7.512633672091906010e-10
4.074059873157772422e+07 7.470192972529100819e-10
4.416826200046509504e+07 7.427858810796530163e-10
4.788430776373551786e+07 7.385631146290718458e-10
5.191299874982622266e+07 7.343510814748265384e-10
5.628063900383787602e+07 7.301497313232501764e-10
6.101574563135611266e+07 7.259590944787158904e-10
6.614923499174369127e+07 7.217791799273214615e-10
7.171462455658689141e+07 7.176100002483947551e-10
7.774825175127346814e+07 7.134515689751596338e-10
8.428951120854981244e+07 7.093038498720900717e-10
9.138111198313733935e+07 7.051669106935339129e-10
9.906935640679842234e+07 7.010407121845085688e-10
1.074044424045570493e+08 6.969252743107668865e-10
1.164407912459421754e+08 6.928206228905865417e-10
1.262374028712033927e+08 6.887267372886057774e-10
1.368582411124926209e+08 6.846436584113921826e-10
1.483726513251780272e+08 6.805713812028424166e-10
1.608558131560952365e+08 6.765099029101764322e-10
1.743892314049235880e+08 6.724592511685455826e-10
1.890612681836282313e+08 6.684194014085247690e-10
2.049677198485116363e+08 6.643903979432975474e-10
2.222124424717889726e+08 6.603722192539485691e-10
2.409080299364850521e+08 6.563649003210918750e-10
2.611765490820623338e+08 6.523684140086652538e-10
2.831503367006880641e+08 6.483828102298004882e-10
3.069728635878475904e+08 6.444080614481707335e-10
3.327996712888764739e+08 6.404442036045809753e-10
3.607993876575620770e+08 6.364912452538825182e-10
3.911548278576179743e+08 6.325491560980773124e-10
4.240641879956231117e+08 6.286178869110148287e-10
4.597423391789151430e+08 6.246975597772385151e-10
4.984222304475356340e+08 6.207881161156914521e-10
5.403564097402335405e+08 6.168896208304225294e-10
5.858186728252100945e+08 6.130020584349148562e-10
6.351058509617168903e+08 6.091254395189117545e-10
6.885397489645365477e+08 6.052597763635151820e-10
7.464692463252433538e+08 6.014050715675969629e-10
8.092725751089189053e+08 5.975613274991601238e-10
8.773597894990340471e+08 5.937285895342077743e-10
9.511754431146864891e+08 5.899068308180554926e-10
1.031201491580803752e+09 5.860960632346769619e-10
1.117960439302736759e+09 5.822962907033433632e-10
1.212018750991146564e+09 5.785075700755302048e-10
1.313990550211535454e+09 5.747298264847315922e-10
1.424541629107050657e+09 5.709630793021952233e-10
1.544393795474608183e+09 5.672073171118699424e-10
1.674329585577338696e+09 5.634626095334105577e-10
1.815197373463977337e+09 5.597289596773167490e-10
1.967916910155038118e+09 5.560063720549385193e-10
2.133485328861964703e+09 5.522948837704157772e-10
2.312983655448453903e+09 5.485944615312528443e-10
2.507583866642023563e+09 5.449051461574799485e-10
2.718556542079926014e+09 5.412269240135853136e-10
2.947279160151276588e+09 5.375598249910274672e-10
3.195245091800116062e+09 5.339038568791012297e-10
3.464073351011901379e+09 5.302589984496484432e-10
3.755519165645725727e+09 5.266251571437370917e-10
4.071485437631517887e+09 5.230024815912295992e-10
4.414035167357566833e+09 5.193909578323629047e-10
4.785404923369542122e+09 5.157906057546395001e-10
5.188019445327288628e+09 5.122014480412930710e-10
5.624507475564249992e+09 5.086234684913388820e-10
6.097718922617212296e+09 5.050566787250229994e-10
6.610743468789461136e+09 5.015011229166388403e-10
7.166930743240181923e+09 4.979567546572514313e-10
7.769912192313042641e+09 4.944235554721564005e-10
8.423624789900062561e+09 4.909015253594711882e-10
9.132336742649297714e+09 4.873907389507784657e-10
9.900675357850488663e+09 4.838912227213507276e-10
1.073365725595349121e+10 4.804029706973263995e-10
1.163672112498150063e+10 4.769260030824535970e-10
1.261576323069971848e+10 4.734603063959684590e-10
1.367717591439034653e+10 4.700059158921701397e-10
1.482788932959427834e+10 4.665627802936390536e-10
1.607541669032450867e+10 4.631308617278704784e-10
1.742790332618672943e+10 4.597102646263812833e-10
1.889417986469487381e+10 4.563010145403825613e-10
2.048381988802043152e+10 4.529031226519779561e-10
2.220720244062517929e+10 4.495165784061093797e-10
2.407557979590134430e+10 4.461414087126342523e-10
2.610115092428083038e+10 4.427776160397674982e-10
2.829714114249757767e+10 4.394250396373506111e-10
3.067788846405036163e+10 4.360838704584302481e-10
3.325893721466039276e+10 4.327541267370148712e-10
3.605713952395933533e+10 4.294358045258306506e-10
3.909076535606132507e+10 4.261288884578368538e-10
4.237962179743228912e+10 4.228334520447492087e-10
4.594518238090512848e+10 4.195493776192392039e-10
4.981072729022149658e+10 4.162766773125353024e-10
5.400149536052289581e+10 4.130154451437162852e-10
5.854484886722473145e+10 4.097657074808574681e-10
6.347045217921555328e+10 4.065274892291378528e-10
6.881046544283340454e+10 4.033007485290214848e-10
7.459975456122407532e+10 4.000854646898088447e-10
8.087611884006599426e+10 3.968816133349360260e-10
8.768053778600997925e+10 3.936893027183375871e-10
9.505743866921794128e+10 3.905085603162621414e-10
1.030549865969667358e+11 3.873393729309462357e-10
1.117253989922639771e+11 3.841817705364274923e-10
1.211252865307532349e+11 3.810355746961549460e-10
1.313160227619593811e+11 3.779009754571546609e-10
1.423641448281833801e+11 3.747779873647229363e-10
1.543417878974272156e+11 3.716666367171101871e-10
1.673271561468226013e+11 3.685669263328388632e-10
1.814050333717163696e+11 3.654786657319750831e-10
1.966673365542557678e+11 3.624020599990375596e-10
2.132137160058272400e+11 3.593371402029843322e-10
2.311522060017952881e+11 3.562838930289601891e-10
2.505999301566316223e+11 3.532423256728976031e-10
2.716838661449812927e+11 3.502122843891991008e-10
2.945416747616381226e+11 3.471939742312492473e-10
3.193225987335411377e+11 3.441873950540325278e-10
3.461884371522631836e+11 3.411925625848707239e-10
3.753146018892711792e+11 3.382093599684566111e-10
4.068912628914527588e+11 3.352378535644201691e-10
4.411245898347590942e+11 3.322781234470208599e-10
4.782380982429614868e+11 3.293302042322639698e-10
5.184741088605299683e+11 3.263940099893116097e-10
5.620953298081959229e+11 3.234695138659847848e-10
6.093865718513137207e+11 3.205568541420471600e-10
6.606566079803837891e+11 3.176560267698036284e-10
7.162401894451981201e+11 3.147670022126929028e-10
7.765002314057309570e+11 3.118897012533921987e-10
8.418301824702202148e+11 3.090242970135803687e-10
9.126565935915970459e+11 3.061708018478414433e-10
9.894419030950893555e+11 3.033290916191378640e-10
1.072687456020853394e+12 3.004992177674361517e-10
1.162936777495577881e+12 2.976812818765413839e-10
1.260779121505362549e+12 2.948753024803535619e-10
1.366853318240582031e+12 2.920810906001905009e-10
1.481851945132592285e+12 2.892988360608644654e-10
1.606525848815875488e+12 2.865285926377532082e-10
1.741689047540201660e+12 2.837702582142548487e-10
1.888224046041571533e+12 2.810238196488297614e-10
2.047087597573769043e+12 2.782894236492064603e-10
2.219316950721677246e+12 2.755670396388442158e-10
2.406036621783153809e+12 2.728565364963758787e-10
2.608465736937302734e+12 2.701581137766061860e-10
2.827925992137753418e+12 2.674718021251831371e-10
3.065850282702212402e+12 2.647973625446190451e-10
3.323792058942740723e+12 2.621350433053107617e-10
3.603435468921078613e+12 2.594848643671842155e-10
3.906606354552972656e+12 2.568466352708494863e-10
4.235284172857206543e+12 2.542205486906187885e-10
4.591614920184926758e+12 2.516066543180941834e-10
4.977925143814367188e+12 2.490047368352132730e-10
5.396737132394626953e+12 2.464150215912743391e-10
5.850785384420235352e+12 2.438375161248891721e-10
6.343034462261477539e+12 2.412720393719731744e-10
6.876698348323302734e+12 2.387188268890130466e-10
7.455261429712101562e+12 2.361778075419759619e-10
8.082501248423177734e+12 2.336489307098290727e-10
8.762513165589313477e+12 2.311323590098636949e-10
9.499737100826941406e+12 2.286279468943907239e-10
1.029898652126691602e+13 2.261357969782088873e-10
1.116547986954333594e+13 2.236559894572065427e-10
1.210487463594059570e+13 2.211883327024638071e-10
1.312330429716052344e+13 2.187330760847137336e-10
1.422741836289076172e+13 2.162900637569142314e-10
1.542442579164451562e+13 2.138593829011242430e-10
1.672214205934180664e+13 2.114410963269892863e-10
1.812904018795216797e+13 2.090350710400814897e-10
1.965430606737231641e+13 2.066415382294014234e-10
2.130789843174730469e+13 2.042602600286235470e-10
2.310061388182902344e+13 2.018914754442895043e-10
2.504415737791716797e+13 1.995350540787808798e-10
2.715121866364099609e+13 1.971910832792589968e-10
2.943555511956922656e+13 1.948595845009300892e-10
3.191208158761187109e+13 1.925405141584676826e-10
3.459696775269431250e+13 1.902339694832934388e-10
3.750774371752752344e+13 1.879398668854215072e-10
4.066341445978773438e+13 1.856583470948047120e-10
4.408458391902116406e+13 1.833892825043487297e-10
4.779358952345478906e+13 1.811328573844050094e-10
5.181464803506792969e+13 1.788889035918541993e-10
5.617401366516754688e+13 1.766576210553811674e-10
6.090014949283815625e+13 1.744388537161632785e-10
6.602391330548321094e+13 1.722327838672016721e-10
7.157875907484564062e+13 1.700392865088106627e-10
7.760095538398379688e+13 1.678584882112688905e-10
8.412982223134478125e+13 1.656903406137346310e-10
9.120798775807995312e+13 1.635348898022298996e-10
9.888166657481185938e+13 1.613921724792324238e-10
1.072009615051081562e+14 1.592621267973917196e-10
1.162201907157883906e+14 1.571449181079436272e-10
1.259982423699680000e+14 1.550403687526647395e-10
1.365989591184226719e+14 1.529486855747760220e-10
1.480915549396895312e+14 1.508697746054059459e-10
1.605510670505350000e+14 1.488036953315017679e-10
1.740588458373798125e+14 1.467505081108064457e-10
1.887030860075490312e+14 1.447101008235133751e-10
2.045794024283088750e+14 1.426826528544962082e-10
2.217914544134684062e+14 1.406680978083578049e-10
2.404516225336012812e+14 1.386664474474894039e-10
2.606817423689284375e+14 1.366778135300503678e-10
2.826138999956380625e+14 1.347021193706337308e-10
3.063912943995442500e+14 1.327394143057548892e-10
3.321691724479138750e+14 1.307897796090099972e-10
3.601158425240675625e+14 1.288531806545091413e-10
3.904137734429726250e+14 1.269296279943767873e-10
4.232607858228100000e+14 1.250192306585062393e-10
4.588713436912378125e+14 1.231219732480322057e-10
4.974779547594314375e+14 1.212378063861294606e-10
5.393326885065925000e+14 1.193668610163291539e-10
5.847088219867160000e+14 1.175091893560664155e-10
6.339026241034417500e+14 1.156647600862288993e-10
6.872352900027880000e+14 1.138335692907099458e-10
7.450550382138035000e+14 1.120157442295293109e-10
8.077393842296945000e+14 1.102112965872053048e-10
8.756976053741401250e+14 1.084202854811369851e-10
9.493734130462273750e+14 1.066427084131851483e-10
1.029247849791672250e+15 1.048786077434113932e-10
1.115842430115735375e+15 1.031281102915497893e-10
1.209722545544893250e+15 1.013912445173770511e-10
1.311501156169361000e+15 9.966809506520625563e-11
1.421842792769327250e+15 9.795874326577269945e-11
1.541467895655466750e+15 9.626323929517518926e-11
1.671157518552730750e+15 9.458166775296462130e-11
1.811758428240098500e+15 9.291414086811764308e-11
1.964188633242509500e+15 9.126081984841452417e-11
2.129443377672993750e+15 8.962181121985826236e-11
2.308601639359692000e+15 8.799723193938331108e-11
2.502833174685474500e+15 8.638710752153471587e-11
2.713406156136831500e+15 8.479141912545577945e-11
2.941695452429223500e+15 8.320981515204235516e-11
3.189191605271224000e+15 8.164122428047838347e-11
3.457510561378234500e+15 8.008300447801938989e-11
3.748404223278198500e+15 7.852918570324279769e-11
4.063771887796925500e+15 7.696759943076659250e-11
4.405672646907343000e+15 7.538146905226572096e-11
4.776338831909687000e+15 7.377463424340957325e-11
5.178190588722647000e+15 7.222612383724580777e-11
5.613851679449445000e+15 7.084735292057928417e-11
6.086166613390631000e+15 6.964526433709400631e-11
6.598219219354895000e+15 6.855049382760748174e-11
7.153352780529547000e+15 6.750564520717839098e-11
7.755191863375632000e+15 6.648231291164225707e-11
8.407665983071418000e+15 6.546940664235069849e-11
9.115035260021000000e+15 6.446088323147651857e-11
9.881918234943240000e+15 6.344959540289218889e-11
1.071332202415181000e+16 6.240459704256576755e-11
1.161467501191451800e+16 6.122420332569078495e-11
1.259186229334589400e+16 5.958030835960065366e-11
1.365126409924862200e+16 5.654775216584013157e-11
1.479979745378201200e+16 4.967867794846803984e-11
1.604496133695228600e+16 3.390686974017209907e-11
1.739488564679716400e+16 6.998772866458848962e-12
1.885838428094492000e+16 2.495045008835616609e-11
2.044501268413148000e+16 4.462161449533711850e-10
2.216513023741181600e+16 2.372829899715790185e-09
2.402996789641219600e+16 7.388023939190857784e-09
2.605170152025403600e+16 1.625720551266148382e-08
2.824353136991659600e+16 2.873847921823090142e-08
3.061976829510640000e+16 4.526598344523835002e-08
3.319592717236006800e+16 6.694001127522443303e-08
3.598882820444890800e+16 9.607128189457398237e-08
3.901670674249995200e+16 1.351632762031481992e-07
4.229933234786608000e+16 1.879471727296812943e-07
4.585813787113488800e+16 2.596713489366496300e-07
4.971635939105172800e+16 3.566399341166331229e-07
5.389918792703493600e+16 4.877137546310699627e-07
5.843393391586027200e+16 6.642861893871032890e-07
6.335020552638895200e+16 9.022122877992118110e-07
6.868010197660799200e+16 1.222224961184929677e-06
7.445842311517790400e+16 1.651966584429910446e-06
8.072289663587177600e+16 2.228003030334871377e-06
8.751442440844876800e+16 2.999262050127832521e-06
9.487734953429310400e+16 4.030047335762519209e-06
1.028597458704560960e+17 5.408530794407482643e-06
1.115137319124922720e+17 7.245709050010618766e-06
1.208958110854416320e+17 9.693237728483986433e-06
1.310672406648174080e+17 1.295072821140776791e-05
1.420944317363375360e+17 1.727882022976670888e-05
1.540493828057846400e+17 2.302378721834577718e-05
1.670101498901650880e+17 3.063890969784379450e-05
1.810613561594096640e+17 4.071972019170867947e-05
1.962947444562146240e+17 5.405032893170350902e-05
2.128097763015057920e+17 7.164980770966852201e-05
2.307142812965025600e+17 9.485365531729457770e-05
2.501251611615267200e+17 1.254053016313268047e-04
2.711691530082499200e+17 1.655736259709490884e-04
2.939836568290074240e+17 2.176653649562549113e-04
3.187176326059757440e+17 2.856076712357222833e-04
3.455325728975514240e+17 3.740463457911666996e-04
3.746035572522044800e+17 4.888789396270856562e-04
4.061203953342320640e+17 6.375739534484572328e-04
4.402888662250140800e+17 8.295473393777935862e-04
4.773320619915476480e+17 1.076568343307320909e-03
5.174918442944676480e+17 1.393279805859876964e-03
5.610304235461711360e+17 1.797714083552273343e-03
6.082320709295983360e+17 2.311860561003721993e-03
6.594049744556435200e+17 2.962213859045129734e-03
7.148832511779604480e+17 3.780322566009183122e-03
7.750291287029839360e+17 4.803006677003253226e-03
8.402353102388855040e+17 6.072379735701473845e-03
9.109275386252066560e+17 7.635342215025906626e-03
9.875673760840261120e+17 9.542208125294115301e-03
1.070655217842501504e+18 1.184428397428733196e-02
1.160733559302836224e+18 1.458986048618121818e-02
1.258390538091977216e+18 1.781826155232447972e-02
1.364263774117599744e+18 2.155174951659138624e-02
1.479044532702580480e+18 2.578440524080746407e-02
1.603482237980167680e+18 3.046938936159970801e-02
1.738389366018473984e+18 3.550406025787632841e-02
1.884646749622080768e+18 4.071536600162668773e-02
2.043209329447419904e+18 4.584871321847808906e-02
2.215112388981176064e+18 5.056420988312846504e-02
2.401478314091695104e+18 5.444680845248130868e-02
2.603523921287495680e+18 5.703556506556070604e-02
2.822568402529947648e+18 5.787793486872438303e-02
3.060041938474220032e+18 5.660902633289415647e-02
3.317495036374662656e+18 5.304647743842513113e-02
3.596608653624524288e+18 4.728440456491564414e-02
3.899205173028068864e+18 3.975174712103866914e-02
4.227260301463934464e+18 3.119994307464379890e-02
4.582915969629744128e+18 2.259205744636193919e-02
4.968494317090856960e+18 1.489701208141373800e-02
5.386512853945720832e+18 8.840382261549865894e-03
5.839700898100548608e+18 4.710460999099093035e-03
6.331017395474314240e+18 2.319084167323948436e-03
6.863670239486910464e+18 1.154849667815229658e-03
7.441137215970267136e+18 6.510375162057801960e-04
8.067188710254241792e+18 4.089402305814454825e-04
8.745912324688759808e+18 2.545018134134368346e-04
9.481739567330895872e+18 1.495151486612165774e-04
1.027947478605511885e+19 8.609416638286383218e-05
1.114432653700169318e+19 5.027347081781227938e-05
1.208194159217155277e+19 2.965009820686873959e-05
1.309844180821360230e+19 1.741235726186414747e-05
1.420046409712207053e+19 1.014083584087971058e-05
1.539520375982428365e+19 5.985765285263650546e-06
1.669046146559010202e+19 3.500081723496683221e-06
1.809469418399714918e+19 2.061593273223322712e-06
1.961707040200218624e+19 1.208363894806312943e-06
2.126752998663284326e+19 7.124394252316019136e-07
2.305684908416067994e+19 4.155180546991322988e-07
2.499671047949173555e+19 2.450535754148359596e-07
2.709977987515969946e+19 1.423537663012643972e-07
2.937978858796749210e+19 8.285733779975085705e-08
3.185162320321586381e+19 4.852022103915488679e-08
3.453142277188209869e+19 2.866059385633933165e-08
3.743668418537884877e+19 1.670363488883121841e-08
4.058637641588861338e+19 9.756916658432305652e-09
4.400106436818244403e+19 5.710757086249708168e-09
4.770304315156923187e+19 3.348708558315260055e-09
5.171648364865350861e+19 1.968070535291120233e-09
