1.000000000000000000e+05 0.000000000000000000e+00
1.039255682936713129e+05 0.000000000000000000e+00
1.080052374516253913e+05 0.000000000000000000e+00
1.122450568085305858e+05 0.000000000000000000e+00
1.166513131698196230e+05 0.000000000000000000e+00
1.212305401337652875e+05 0.000000000000000000e+00
1.259895277795028524e+05 0.000000000000000000e+00
1.309353327353609493e+05 0.000000000000000000e+00
1.360752886424333265e+05 0.000000000000000000e+00
1.414170170289023954e+05 0.000000000000000000e+00
1.469684386112447537e+05 0.000000000000000000e+00
1.527377850390712556e+05 0.000000000000000000e+00
1.587336111010208551e+05 0.000000000000000000e+00
1.649648074098020734e+05 0.000000000000000000e+00
1.714406135851971922e+05 0.000000000000000000e+00
1.781706319545728911e+05 0.000000000000000000e+00
1.851648417912154109e+05 0.000000000000000000e+00
1.924336141115979990e+05 0.000000000000000000e+00
1.999877270535287098e+05 0.000000000000000000e+00
2.078383818579755316e+05 0.000000000000000000e+00
2.159972194782717270e+05 0.000000000000000000e+00
2.244763378413223836e+05 0.000000000000000000e+00
2.332883097864158335e+05 0.000000000000000000e+00
2.424462017082330713e+05 0.000000000000000000e+00
2.519635929317013652e+05 0.000000000000000000e+00
2.618545958474232757e+05 0.000000000000000000e+00
2.721338768375308719e+05 0.000000000000000000e+00
2.828166780230035074e+05 0.000000000000000000e+00
2.939188398646884016e+05 0.000000000000000000e+00
3.054568246515431674e+05 0.000000000000000000e+00
3.174477409109193250e+05 0.000000000000000000e+00
3.299093687770942342e+05 0.000000000000000000e+00
3.428601863556583412e+05 0.000000000000000000e+00
3.563193971228583832e+05 0.000000000000000000e+00
3.703069584005140932e+05 0.000000000000000000e+00
3.848436109487432986e+05 0.000000000000000000e+00
3.999509097203661222e+05 0.000000000000000000e+00
4.156512558225988178e+05 0.000000000000000000e+00
4.319679297334173461e+05 0.000000000000000000e+00
4.489251258218607400e+05 0.000000000000000000e+00
4.665479882234468241e+05 0.000000000000000000e+00
4.848626481239077984e+05 0.000000000000000000e+00
5.038962625065150205e+05 0.000000000000000000e+00
5.236770544204655453e+05 0.000000000000000000e+00
5.442343548300272087e+05 0.000000000000000000e+00
5.655986461065001786e+05 0.000000000000000000e+00
5.878016072274912149e+05 0.000000000000000000e+00
6.108761607505040010e+05 0.000000000000000000e+00
6.348565216305210488e+05 0.000000000000000000e+00
6.597782479539533379e+05 0.000000000000000000e+00
6.856782936641738052e+05 0.000000000000000000e+00
7.125950633568410994e+05 0.000000000000000000e+00
7.405684692262442550e+05 0.000000000000000000e+00
7.696399902471150272e+05 0.000000000000000000e+00
7.998527336796708405e+05 0.000000000000000000e+00
8.312514989890631987e+05 0.000000000000000000e+00
8.638828442740453174e+05 0.000000000000000000e+00
8.977951553033313248e+05 0.000000000000000000e+00
9.330387172620360507e+05 0.000000000000000000e+00
9.696657893145519774e+05 0.000000000000000000e+00
1.007730682094461750e+06 0.000000000000000000e+00
1.047289838236357435e+06 0.000000000000000000e+00
1.088401916069005383e+06 0.000000000000000000e+00
1.131127876593921334e+06 0.000000000000000000e+00
1.175531073878369993e+06 0.000000000000000000e+00
1.221677348996793153e+06 0.000000000000000000e+00
1.269635127659972757e+06 0.000000000000000000e+00
1.319475521676705917e+06 0.000000000000000000e+00
1.371272434398400830e+06 0.000000000000000000e+00
1.425102670302996412e+06 0.000000000000000000e+00
1.481046048880673945e+06 0.000000000000000000e+00
1.539185522990205325e+06 0.000000000000000000e+00
1.599607301861487795e+06 0.000000000000000000e+00
1.662400978926613461e+06 0.000000000000000000e+00
1.727659664669034770e+06 0.000000000000000000e+00
1.795480124687830452e+06 0.000000000000000000e+00
1.865962923181745922e+06 0.000000000000000000e+00
1.939212572065830929e+06 0.000000000000000000e+00
2.015337685941735283e+06 0.000000000000000000e+00
2.094451143151468830e+06 0.000000000000000000e+00
2.176670253153459169e+06 0.000000000000000000e+00
2.262116930469026323e+06 0.000000000000000000e+00
2.350917875457284506e+06 0.000000000000000000e+00
2.443204762186486740e+06 0.000000000000000000e+00
2.539114433680347167e+06 0.000000000000000000e+00
2.638789104828934651e+06 0.000000000000000000e+00
2.742376573264952283e+06 0.000000000000000000e+00
2.850030438518105075e+06 0.000000000000000000e+00
2.961910329772553407e+06 0.000000000000000000e+00
3.078182142565079965e+06 0.000000000000000000e+00
3.199018284775060602e+06 0.000000000000000000e+00
3.324597932270938065e+06 0.000000000000000000e+00
3.455107294592218008e+06 0.000000000000000000e+00
3.590739891061055008e+06 0.000000000000000000e+00
3.731696837732755579e+06 0.000000000000000000e+00
3.878187145610719454e+06 0.000000000000000000e+00
4.030428030568050686e+06 0.000000000000000000e+00
4.188645235435271170e+06 0.000000000000000000e+00
4.353073364731892012e+06 0.000000000000000000e+00
4.523956232538058423e+06 0.000000000000000000e+00
4.701547224022129551e+06 0.000000000000000000e+00
4.886109671160326339e+06 0.000000000000000000e+00
5.077917243205402978e+06 0.000000000000000000e+00
5.277254352483532391e+06 0.000000000000000000e+00
5.484416576121015474e+06 0.000000000000000000e+00
5.699711094326075166e+06 0.000000000000000000e+00
5.923457145875805989e+06 0.000000000000000000e+00
6.155986501483513974e+06 0.000000000000000000e+00
6.397643955748423934e+06 0.000000000000000000e+00
6.648787838417262770e+06 0.000000000000000000e+00
6.909790545715644956e+06 0.000000000000000000e+00
7.181039092537341639e+06 0.000000000000000000e+00
7.462935686310129240e+06 0.000000000000000000e+00
7.755898323389001191e+06 0.000000000000000000e+00
8.060361408861344680e+06 0.000000000000000000e+00
8.376776400682924315e+06 0.000000000000000000e+00
8.705612479099856690e+06 0.000000000000000000e+00
9.047357242349293083e+06 0.000000000000000000e+00
9.402517429670132697e+06 0.000000000000000000e+00
9.771619672696182504e+06 0.000000000000000000e+00
1.015521127634569071e+07 0.000000000000000000e+00
1.055386103036523052e+07 0.000000000000000000e+00
1.096816005273137987e+07 0.000000000000000000e+00
1.139872266616052575e+07 0.000000000000000000e+00
1.184618730902682431e+07 0.000000000000000000e+00
1.231121748203889653e+07 0.000000000000000000e+00
1.279450273207873479e+07 0.000000000000000000e+00
1.329675967466210015e+07 0.000000000000000000e+00
1.381873305653633550e+07 0.000000000000000000e+00
1.436119685999077372e+07 0.000000000000000000e+00
1.492495545051829144e+07 0.000000000000000000e+00
1.551084476952840574e+07 0.000000000000000000e+00
1.611973357388155349e+07 0.000000000000000000e+00
1.675252472408217192e+07 0.000000000000000000e+00
1.741015652304015309e+07 0.000000000000000000e+00
1.809360410738716647e+07 0.000000000000000000e+00
1.880388089340916649e+07 0.000000000000000000e+00
1.954204007974051312e+07 0.000000000000000000e+00
2.030917620904734731e+07 0.000000000000000000e+00
2.110642679101554677e+07 0.000000000000000000e+00
2.193497398905055597e+07 0.000000000000000000e+00
2.279604637318982184e+07 0.000000000000000000e+00
2.369092074182632193e+07 0.000000000000000000e+00
2.462092401494625583e+07 0.000000000000000000e+00
2.558743520168589056e+07 0.000000000000000000e+00
2.659188744512690976e+07 0.000000000000000000e+00
2.763577014736157283e+07 0.000000000000000000e+00
2.872063117797828093e+07 0.000000000000000000e+00
2.984807916924321279e+07 0.000000000000000000e+00
3.101978590138100088e+07 0.000000000000000000e+00
3.223748878149027005e+07 0.000000000000000000e+00
3.350299341977229714e+07 0.000000000000000000e+00
3.481817630688966811e+07 0.000000000000000000e+00
3.618498759642742574e+07 0.000000000000000000e+00
3.760545399658175558e+07 0.000000000000000000e+00
3.908168177536264062e+07 0.000000000000000000e+00
4.061585988376979530e+07 0.000000000000000000e+00
4.221026320156902820e+07 0.000000000000000000e+00
4.386725591048493981e+07 0.000000000000000000e+00
4.558929499981059134e+07 0.000000000000000000e+00
4.737893390963143855e+07 0.000000000000000000e+00
4.923882631706731766e+07 0.000000000000000000e+00
5.117173007114610076e+07 0.000000000000000000e+00
5.318051128214196861e+07 1.901770489027463815e-280
5.526814857144603133e+07 9.978533872888796188e-262
5.743773748826587200e+07 2.802629589145979751e-244
5.969249509970727563e+07 5.103085091710938795e-228
6.203576476104268432e+07 7.339472542738965633e-213
6.447102107323869318e+07 9.954320399610225216e-199
6.700187503509576619e+07 1.500041720399782235e-185
6.963207939763890207e+07 2.943997688063952684e-173
7.236553422869649529e+07 8.629229186673279369e-162
7.520629269592407346e+07 4.317129164887260199e-151
7.815856707684090734e+07 4.167541009112242743e-141
8.122673500479702652e+07 8.710371354811744249e-132
8.441534596012993157e+07 4.378451495118586449e-123
8.772912801613356173e+07 5.838823741548012653e-115
9.117299484984922409e+07 2.262819874533122382e-107
9.475205302806547284e+07 2.776394795543482990e-100
9.847160957933764160e+07 1.166303070916548291e-93
1.023371798632517159e+08 1.804731506084497212e-87
1.063544957486011237e+08 1.100910855059400252e-81
1.105295141126019806e+08 2.823326679369108751e-76
1.148684256737554818e+08 3.223959626177779094e-71
1.193776641714435816e+08 1.732346170742508570e-66
1.240639159058829248e+08 4.608879963218415050e-62
1.289341296525715739e+08 6.362981748738811452e-58
1.339955269659337103e+08 4.763358136263664644e-54
1.392556128874464631e+08 2.014365705182959425e-50
1.447221870741134286e+08 4.998242111820523165e-47
1.504033553638022244e+08 7.538328268699933452e-44
1.563075417945817411e+08 7.141546645711427089e-41
1.624435010958865285e+08 4.382120203270288761e-38
1.688203316700366139e+08 1.791551693777883345e-35
1.754474890833459795e+08 5.012309292864608832e-33
1.823348000868438482e+08 9.833501865329668855e-31
1.894924771873823702e+08 1.384545253486190172e-28
1.969311337907421887e+08 1.429041213383337741e-26
2.046617999391994178e+08 1.102786543257696552e-24
2.126959386668691933e+08 6.482554272756923374e-23
2.210454629971019328e+08 2.952637560784442711e-21
2.297227536071146429e+08 1.058926856415615940e-19
2.387406771860646904e+08 3.034725129666235496e-18
2.481126055137765408e+08 7.047029054677759906e-17
2.578524352884276509e+08 1.343014790810926558e-15
2.679746087325689495e+08 2.125980061698343726e-14
2.784941350080638528e+08 2.826464247311183568e-13
2.894266124716751575e+08 3.188696304986348755e-12
3.007882518043096066e+08 3.081916254661249463e-11
3.125959000482284427e+08 2.574886673353015326e-10
3.248670655878374577e+08 1.875000063222441408e-09
3.376199441111333370e+08 1.199179008680713763e-08
3.508734455902714729e+08 6.784513911320179534e-08
3.646472223212745190e+08 3.418028779822942728e-07
3.789616980644723773e+08 1.542836666686497856e-06
3.938380983288488984e+08 6.275237046228252926e-06
4.092984818452433944e+08 2.312034441810855779e-05
4.253657732750391960e+08 7.751591248109054356e-05
4.420637972028530240e+08 2.378072643302484262e-04
4.594173134636485577e+08 6.695595650697557617e-04
4.774520538566131592e+08 1.738296781683937049e-03
4.961947603002898097e+08 4.174020411177669677e-03
5.156732244854952693e+08 9.301910182726150222e-03
5.359163290848514438e+08 1.929590751508775473e-02
5.569540905800124407e+08 3.736194369807045029e-02
5.788177037701280117e+08 6.769261103768214882e-02
6.015395880274832249e+08 1.150163417183447945e-01
6.251534353689699173e+08 1.836655825513881513e-01
6.496942604146125317e+08 2.761151834570117480e-01
6.751984523072494268e+08 3.914390554248505238e-01
7.017038286703836918e+08 5.240494350499277365e-01
7.292496916841443777e+08 6.633965383375971525e-01
7.578768863625915051e+08 7.949021006726599836e-01
7.876278611187063456e+08 9.023834233856217191e-01
8.185467307069020271e+08 9.712114896571452105e-01
8.506793416364170313e+08 9.916309460687579014e-01
8.840733401525062323e+08 9.607589695027881627e-01
9.187782428863321543e+08 8.837913667279181373e-01
9.548455102782303095e+08 7.717248008898317524e-01
9.923286228832545280e+08 6.396971958262293034e-01
1.031283160672186852e+09 5.032536798774773779e-01
1.071766885445503354e+09 3.756277402295790102e-01
1.113839826482618332e+09 2.658524163303453425e-01
1.157564369553301096e+09 1.783062691814899792e-01
1.203005349423324108e+09 1.132228082764627636e-01
1.250230145991458654e+09 6.800698483652393989e-02
1.299308784200417042e+09 3.859495693018283324e-02
1.350314037869872093e+09 2.066635015112033846e-02
1.403321537605481863e+09 1.042570505606793888e-02
1.458409882943986416e+09 4.947477920766499976e-03
1.515660758900601149e+09 2.204264110084223904e-03
1.575159057091624498e+09 9.201663544986364313e-04
1.636993001611701965e+09 3.591253823397710780e-04
1.701254279852585793e+09 1.307264551253567897e-04
1.768038178457201481e+09 4.426861968406295807e-05
1.837443724610724926e+09 1.390501296306231491e-05
1.909573832878100634e+09 4.039240894838224351e-06
1.984535457805803299e+09 1.081414616839595372e-06
2.062439752514088392e+09 2.659259293499903632e-07
2.143402233514850140e+09 5.982775912262673065e-08
2.227542951999556541e+09 1.226663279296774586e-08
2.314986671851165771e+09 2.281514018938185918e-09
2.405863054644066811e+09 3.832296046658712766e-10
2.500306851906321526e+09 5.783013224207131163e-11
2.598458104929241657e+09 7.798950905046097509e-12
2.700462352420681953e+09 9.344679431849386863e-13
2.806470846309844494e+09 9.888555601783246009e-14
2.916640776023706913e+09 9.180740873627402539e-15
3.031135501567575932e+09 7.425880209325629282e-16
3.150124795755321503e+09 5.194283176671231891e-17
3.273785095948576927e+09 3.117082468298128299e-18
3.402299765678064346e+09 1.591229771492022732e-19
3.535859366535182953e+09 6.848255053333475652e-21
3.674661940736688137e+09 2.460812173753691773e-22
3.818913304781846523e+09 7.307756171186276695e-24
3.968827354637149811e+09 1.773887990221031037e-25
4.124626382901348114e+09 3.481362004414825419e-27
4.286541408420933723e+09 5.446636467741686120e-29
4.454812518844988823e+09 6.714113696916599283e-31
4.629689226627258301e+09 6.427648964527646438e-33
4.811430839003244400e+09 4.706573841793592582e-35
5.000306842491089821e+09 2.595708145236330200e-37
5.196597302486207962e+09 1.059610839935027824e-39
5.400593278542373657e+09 3.144121858882354494e-42
5.612597255954965591e+09 6.656392031237808689e-45
5.832923594286188126e+09 9.844460374926289460e-48
6.061898993497571945e+09 9.954675505335136045e-51
6.299862978380705833e+09 6.725150053545538966e-54
6.547168402004742622e+09 2.961311543264722826e-57
6.804181968927093506e+09 8.262381887480519030e-61
7.071284778942981720e+09 1.429172739435553096e-64
7.348872892180387497e+09 1.477947430985353473e-68
7.637357916378011703e+09 8.875565003193264270e-73
7.937167617217558861e+09 2.991924613087738123e-77
8.248746552614581108e+09 5.461063301475351298e-82
8.572556731909307480e+09 5.193093399349295192e-87
8.909078300934106827e+09 2.471525492602321421e-92
9.258810253973945618e+09 5.635082812359261286e-98
9.622271173675153732e+09 5.878487481733075618e-104
1.000000000000000000e+10 2.662503678403238201e-110
