1.000000000000000000e+05 0.000000000000000000e+00
1.039255682936713129e+05 0.000000000000000000e+00
1.080052374516253913e+05 0.000000000000000000e+00
1.122450568085305858e+05 0.000000000000000000e+00
1.166513131698196230e+05 0.000000000000000000e+00
1.212305401337652875e+05 0.000000000000000000e+00
1.259895277795028524e+05 0.000000000000000000e+00
1.309353327353609493e+05 0.000000000000000000e+00
1.360752886424333265e+05 0.000000000000000000e+00
1.414170170289023954e+05 0.000000000000000000e+00
1.469684386112447537e+05 0.000000000000000000e+00
1.527377850390712556e+05 0.000000000000000000e+00
1.587336111010208551e+05 0.000000000000000000e+00
1.649648074098020734e+05 0.000000000000000000e+00
1.714406135851971922e+05 0.000000000000000000e+00
1.781706319545728911e+05 0.000000000000000000e+00
1.851648417912154109e+05 0.000000000000000000e+00
1.924336141115979990e+05 0.000000000000000000e+00
1.999877270535287098e+05 0.000000000000000000e+00
2.078383818579755316e+05 0.000000000000000000e+00
2.159972194782717270e+05 0.000000000000000000e+00
2.244763378413223836e+05 0.000000000000000000e+00
2.332883097864158335e+05 0.000000000000000000e+00
2.424462017082330713e+05 0.000000000000000000e+00
2.519635929317013652e+05 0.000000000000000000e+00
2.618545958474232757e+05 0.000000000000000000e+00
2.721338768375308719e+05 0.000000000000000000e+00
2.828166780230035074e+05 0.000000000000000000e+00
2.939188398646884016e+05 0.000000000000000000e+00
3.054568246515431674e+05 0.000000000000000000e+00
3.174477409109193250e+05 0.000000000000000000e+00
3.299093687770942342e+05 0.000000000000000000e+00
3.428601863556583412e+05 0.000000000000000000e+00
3.563193971228583832e+05 0.000000000000000000e+00
3.703069584005140932e+05 0.000000000000000000e+00
3.848436109487432986e+05 0.000000000000000000e+00
3.999509097203661222e+05 0.000000000000000000e+00
4.156512558225988178e+05 0.000000000000000000e+00
4.319679297334173461e+05 0.000000000000000000e+00
4.489251258218607400e+05 0.000000000000000000e+00
4.665479882234468241e+05 0.000000000000000000e+00
4.848626481239077984e+05 0.000000000000000000e+00
5.038962625065150205e+05 0.000000000000000000e+00
5.236770544204655453e+05 0.000000000000000000e+00
5.442343548300272087e+05 0.000000000000000000e+00
5.655986461065001786e+05 0.000000000000000000e+00
5.878016072274912149e+05 0.000000000000000000e+00
6.108761607505040010e+05 0.000000000000000000e+00
6.348565216305210488e+05 0.000000000000000000e+00
6.597782479539533379e+05 0.000000000000000000e+00
6.856782936641738052e+05 0.000000000000000000e+00
7.125950633568410994e+05 0.000000000000000000e+00
7.405684692262442550e+05 0.000000000000000000e+00
7.696399902471150272e+05 0.000000000000000000e+00
7.998527336796708405e+05 0.000000000000000000e+00
8.312514989890631987e+05 0.000000000000000000e+00
8.638828442740453174e+05 0.000000000000000000e+00
8.977951553033313248e+05 0.000000000000000000e+00
9.330387172620360507e+05 0.000000000000000000e+00
9.696657893145519774e+05 0.000000000000000000e+00
1.007730682094461750e+06 0.000000000000000000e+00
1.047289838236357435e+06 0.000000000000000000e+00
1.088401916069005383e+06 0.000000000000000000e+00
1.131127876593921334e+06 0.000000000000000000e+00
1.175531073878369993e+06 0.000000000000000000e+00
1.221677348996793153e+06 0.000000000000000000e+00
1.269635127659972757e+06 0.000000000000000000e+00
1.319475521676705917e+06 0.000000000000000000e+00
1.371272434398400830e+06 0.000000000000000000e+00
1.425102670302996412e+06 0.000000000000000000e+00
1.481046048880673945e+06 0.000000000000000000e+00
1.539185522990205325e+06 0.000000000000000000e+00
1.599607301861487795e+06 0.000000000000000000e+00
1.662400978926613461e+06 0.000000000000000000e+00
1.727659664669034770e+06 0.000000000000000000e+00
1.795480124687830452e+06 0.000000000000000000e+00
1.865962923181745922e+06 0.000000000000000000e+00
1.939212572065830929e+06 0.000000000000000000e+00
2.015337685941735283e+06 0.000000000000000000e+00
2.094451143151468830e+06 0.000000000000000000e+00
2.176670253153459169e+06 0.000000000000000000e+00
2.262116930469026323e+06 0.000000000000000000e+00
2.350917875457284506e+06 0.000000000000000000e+00
2.443204762186486740e+06 0.000000000000000000e+00
2.539114433680347167e+06 0.000000000000000000e+00
2.638789104828934651e+06 0.000000000000000000e+00
2.742376573264952283e+06 0.000000000000000000e+00
2.850030438518105075e+06 0.000000000000000000e+00
2.961910329772553407e+06 0.000000000000000000e+00
3.078182142565079965e+06 0.000000000000000000e+00
3.199018284775060602e+06 0.000000000000000000e+00
3.324597932270938065e+06 0.000000000000000000e+00
3.455107294592218008e+06 0.000000000000000000e+00
3.590739891061055008e+06 0.000000000000000000e+00
3.731696837732755579e+06 0.000000000000000000e+00
3.878187145610719454e+06 0.000000000000000000e+00
4.030428030568050686e+06 0.000000000000000000e+00
4.188645235435271170e+06 0.000000000000000000e+00
4.353073364731892012e+06 0.000000000000000000e+00
4.523956232538058423e+06 0.000000000000000000e+00
4.701547224022129551e+06 0.000000000000000000e+00
4.886109671160326339e+06 0.000000000000000000e+00
5.077917243205402978e+06 0.000000000000000000e+00
5.277254352483532391e+06 0.000000000000000000e+00
5.484416576121015474e+06 0.000000000000000000e+00
5.699711094326075166e+06 0.000000000000000000e+00
5.923457145875805989e+06 0.000000000000000000e+00
6.155986501483513974e+06 0.000000000000000000e+00
6.397643955748423934e+06 0.000000000000000000e+00
6.648787838417262770e+06 0.000000000000000000e+00
6.909790545715644956e+06 0.000000000000000000e+00
7.181039092537341639e+06 0.000000000000000000e+00
7.462935686310129240e+06 0.000000000000000000e+00
7.755898323389001191e+06 0.000000000000000000e+00
8.060361408861344680e+06 0.000000000000000000e+00
8.376776400682924315e+06 0.000000000000000000e+00
8.705612479099856690e+06 0.000000000000000000e+00
9.047357242349293083e+06 0.000000000000000000e+00
9.402517429670132697e+06 0.000000000000000000e+00
9.771619672696182504e+06 0.000000000000000000e+00
1.015521127634569071e+07 0.000000000000000000e+00
1.055386103036523052e+07 0.000000000000000000e+00
1.096816005273137987e+07 0.000000000000000000e+00
1.139872266616052575e+07 0.000000000000000000e+00
1.184618730902682431e+07 0.000000000000000000e+00
1.231121748203889653e+07 0.000000000000000000e+00
1.279450273207873479e+07 0.000000000000000000e+00
1.329675967466210015e+07 0.000000000000000000e+00
1.381873305653633550e+07 0.000000000000000000e+00
1.436119685999077372e+07 0.000000000000000000e+00
1.492495545051829144e+07 0.000000000000000000e+00
1.551084476952840574e+07 0.000000000000000000e+00
1.611973357388155349e+07 0.000000000000000000e+00
1.675252472408217192e+07 0.000000000000000000e+00
1.741015652304015309e+07 0.000000000000000000e+00
1.809360410738716647e+07 0.000000000000000000e+00
1.880388089340916649e+07 0.000000000000000000e+00
1.954204007974051312e+07 0.000000000000000000e+00
2.030917620904734731e+07 0.000000000000000000e+00
2.110642679101554677e+07 0.000000000000000000e+00
2.193497398905055597e+07 0.000000000000000000e+00
2.279604637318982184e+07 0.000000000000000000e+00
2.369092074182632193e+07 0.000000000000000000e+00
2.462092401494625583e+07 0.000000000000000000e+00
2.558743520168589056e+07 0.000000000000000000e+00
2.659188744512690976e+07 0.000000000000000000e+00
2.763577014736157283e+07 0.000000000000000000e+00
2.872063117797828093e+07 0.000000000000000000e+00
2.984807916924321279e+07 0.000000000000000000e+00
3.101978590138100088e+07 0.000000000000000000e+00
3.223748878149027005e+07 0.000000000000000000e+00
3.350299341977229714e+07 0.000000000000000000e+00
3.481817630688966811e+07 0.000000000000000000e+00
3.618498759642742574e+07 0.000000000000000000e+00
3.760545399658175558e+07 0.000000000000000000e+00
3.908168177536264062e+07 0.000000000000000000e+00
4.061585988376979530e+07 0.000000000000000000e+00
4.221026320156902820e+07 0.000000000000000000e+00
4.386725591048493981e+07 0.000000000000000000e+00
4.558929499981059134e+07 0.000000000000000000e+00
4.737893390963143855e+07 0.000000000000000000e+00
4.923882631706731766e+07 0.000000000000000000e+00
5.117173007114610076e+07 0.000000000000000000e+00
5.318051128214196861e+07 0.000000000000000000e+00
5.526814857144603133e+07 0.000000000000000000e+00
5.743773748826587200e+07 0.000000000000000000e+00
5.969249509970727563e+07 0.000000000000000000e+00
6.203576476104268432e+07 0.000000000000000000e+00
6.447102107323869318e+07 0.000000000000000000e+00
6.700187503509576619e+07 0.000000000000000000e+00
6.963207939763890207e+07 0.000000000000000000e+00
7.236553422869649529e+07 0.000000000000000000e+00
7.520629269592407346e+07 0.000000000000000000e+00
7.815856707684090734e+07 0.000000000000000000e+00
8.122673500479702652e+07 0.000000000000000000e+00
8.441534596012993157e+07 4.894095977220589660e-295
8.772912801613356173e+07 1.590706079299237334e-275
9.117299484984922409e+07 3.577160956477742035e-256
9.475205302806547284e+07 1.001954741251270145e-238
9.847160957933764160e+07 1.764259883923637394e-222
1.023371798632517159e+08 2.387661483110870255e-207
1.063544957486011237e+08 2.975094051599080121e-193
1.105295141126019806e+08 4.029189389020541724e-180
1.148684256737554818e+08 6.946430943958392740e-168
1.193776641714435816e+08 1.761347321702002028e-156
1.240639159058829248e+08 7.515017317401303773e-146
1.289341296525715739e+08 6.106595216588051034e-136
1.339955269659337103e+08 1.062726792643552495e-126
1.392556128874464631e+08 4.405770192880238193e-118
1.447221870741134286e+08 4.812535804015436034e-110
1.504033553638022244e+08 1.517587608544923094e-102
1.563075417945817411e+08 1.505812342378014963e-95
1.624435010958865285e+08 5.100852622064973488e-89
1.688203316700366139e+08 6.339086296926362174e-83
1.754474890833459795e+08 3.100596666266147289e-77
1.823348000868438482e+08 6.358222393236225937e-72
1.894924771873823702e+08 5.804359328614206029e-67
1.969311337907421887e+08 2.492411042071742864e-62
2.046617999391994178e+08 5.297824281893552502e-58
2.126959386668691933e+08 5.847476948655673541e-54
2.210454629971019328e+08 3.502156914496917799e-50
2.297227536071146429e+08 1.186661743384414218e-46
2.387406771860646904e+08 2.362193994381119429e-43
2.481126055137765408e+08 2.862571949771631696e-40
2.578524352884276509e+08 2.183018497420346923e-37
2.679746087325689495e+08 1.080210430450052134e-34
2.784941350080638528e+08 3.570398021892140293e-32
2.894266124716751575e+08 8.084006624776026364e-30
3.007882518043096066e+08 1.286655488468945953e-27
3.125959000482284427e+08 1.472617455149333722e-25
3.248670655878374577e+08 1.237976920032040354e-23
3.376199441111333370e+08 7.796587804797847699e-22
3.508734455902714729e+08 3.746896424109468386e-20
3.646472223212745190e+08 1.397793411730523876e-18
3.789616980644723773e+08 4.112317101147318722e-17
3.938380983288488984e+08 9.682798551346964757e-16
4.092984818452433944e+08 1.849833283533087159e-14
4.253657732750391960e+08 2.903786929306822722e-13
4.420637972028530240e+08 3.790317910285562735e-12
4.594173134636485577e+08 4.158595177140191493e-11
4.774520538566131592e+08 3.874294386728680776e-10
4.961947603002898097e+08 3.094221528867703565e-09
5.156732244854952693e+08 2.136510314107058068e-08
5.359163290848514438e+08 1.286132514275302176e-07
5.569540905800124407e+08 6.799908533952421037e-07
5.788177037701280117e+08 3.179865704716068881e-06
6.015395880274832249e+08 1.323749207384470471e-05
6.251534353689699173e+08 4.935882477977772973e-05
6.496942604146125317e+08 1.657906511711221200e-04
6.751984523072494268e+08 5.040691011174279089e-04
7.017038286703836918e+08 1.394829580449324230e-03
7.292496916841443777e+08 3.527416892932247038e-03
7.578768863625915051e+08 8.190464785808239390e-03
7.876278611187063456e+08 1.752970857464990206e-02
8.185467307069020271e+08 3.471937245734278699e-02
8.506793416364170313e+08 6.386443900497372483e-02
8.840733401525062323e+08 1.094867429251562829e-01
9.187782428863321543e+08 1.755236025125561650e-01
9.548455102782303095e+08 2.639975718943478600e-01
9.923286228832545280e+08 3.736887411221247457e-01
1.031283160672186852e+09 4.993673361844527259e-01
1.071766885445503354e+09 6.318794487682833916e-01
1.113839826482618332e+09 7.593173272703740428e-01
1.157564369553301096e+09 8.692896118255155624e-01
1.203005349423324108e+09 9.507019060478367756e-01
1.250230145991458654e+09 9.962558558937725239e-01
1.299308784200417042e+09 1.003244484269119940e+00
1.350314037869872093e+09 9.736540385662790786e-01
1.403321537605481863e+09 9.133780674153955115e-01
1.458409882943986416e+09 8.304892709137078333e-01
1.515660758900601149e+09 7.340303933513628865e-01
1.575159057091624498e+09 6.323302956025148580e-01
1.636993001611701965e+09 5.323240951444579983e-01
1.701254279852585793e+09 4.390999725364522210e-01
1.768038178457201481e+09 3.557334212015173525e-01
1.837443724610724926e+09 2.837148204682136132e-01
1.909573832878100634e+09 2.232408123747261774e-01
1.984535457805803299e+09 1.736459644936900470e-01
2.062439752514088392e+09 1.337776323731754702e-01
2.143402233514850140e+09 1.022470343465494702e-01
2.227542951999556541e+09 7.765112856687084175e-02
2.314986671851165771e+09 5.867719555755755018e-02
2.405863054644066811e+09 4.417167129367059047e-02
2.500306851906321526e+09 3.315880936470436829e-02
2.598458104929241657e+09 2.484727465599123955e-02
2.700462352420681953e+09 1.860187585016905010e-02
2.806470846309844494e+09 1.392284066694645522e-02
2.916640776023706913e+09 1.042251102972146029e-02
3.031135501567575932e+09 7.805733062253759902e-03
3.150124795755321503e+09 5.851827699240510529e-03
3.273785095948576927e+09 4.392177719797340368e-03
3.402299765678064346e+09 3.299912308474694904e-03
3.535859366535182953e+09 2.481377925153226919e-03
3.674661940736688137e+09 1.866608422340541515e-03
3.818913304781846523e+09 1.403986751683105596e-03
3.968827354637149811e+09 1.055268806756131349e-03
4.124626382901348114e+09 7.921854146105809400e-04
4.286541408420933723e+09 5.930796166568417377e-04
4.454812518844988823e+09 4.420526591614370917e-04
4.629689226627258301e+09 3.275772636655743027e-04
4.811430839003244400e+09 2.412905888601901987e-04
5.000306842491089821e+09 1.762148614440889175e-04
5.196597302486207962e+09 1.272250260719751341e-04
5.400593278542373657e+09 9.057272673854530499e-05
5.612597255954965591e+09 6.361437603365602711e-05
5.832923594286188126e+09 4.394910450635684476e-05
6.061898993497571945e+09 2.974098603927632863e-05
6.299862978380705833e+09 1.963435321123304015e-05
6.547168402004742622e+09 1.266541132179023662e-05
6.804181968927093506e+09 7.960314293045675309e-06
7.071284778942981720e+09 4.850134163921038104e-06
7.348872892180387497e+09 2.849739557106534544e-06
7.637357916378011703e+09 1.616599278507268377e-06
7.937167617217558861e+09 8.845261094379729046e-07
8.248746552614581108e+09 4.633176373936166872e-07
8.572556731909307480e+09 2.318985044276438583e-07
8.909078300934106827e+09 1.103856196471950590e-07
9.258810253973945618e+09 5.013322180375151973e-08
9.622271173675153732e+09 2.157130518865462869e-08
1.000000000000000000e+10 8.734181264310603145e-09
