5.000000570258903571e-02 2.151012319222165668e-09
5.420600605603904248e-02 2.144331229842056972e-09
5.876581514860099859e-02 2.137659161925956280e-09
6.370919537051555892e-02 2.130995615690619495e-09
6.906841272421539168e-02 2.124341263785770699e-09
7.487844742817621746e-02 2.117696163649795170e-09
8.117722223676371307e-02 2.111060285487714659e-09
8.800584996634493173e-02 2.104433720481118816e-09
9.540890184329603452e-02 2.097816488685905701e-09
1.034346984254432555e-01 2.091208588056320345e-09
1.121356249958153362e-01 2.084609527983179062e-09
1.215684734873169054e-01 2.078019656205466891e-09
1.317948131701053571e-01 2.071439122547010125e-09
1.428813925211880886e-01 2.064868003182286558e-09
1.549005748992899056e-01 2.058306135714576461e-09
1.679308108686888013e-01 2.051753568622640938e-09
1.820571502549317155e-01 2.045210293880441629e-09
1.973717972746759086e-01 2.038676022548621107e-09
2.139747123630509340e-01 2.032150547151623028e-09
2.319742646267371478e-01 2.025634370526237821e-09
2.514879391813951148e-01 2.019127507557976414e-09
2.726431039903182141e-01 2.012629932661930290e-09
2.955778412095504404e-01 2.006141727992359774e-09
3.204418484657534094e-01 1.999662890596339682e-09
3.473974159495655800e-01 1.993193306020871942e-09
3.766204857020524210e-01 1.986732534740724833e-09
4.083018000083291077e-01 1.980280901849733829e-09
4.426481463940534211e-01 1.973838692705397628e-09
4.798837073510191509e-01 1.967405780440276550e-09
5.202515236016638234e-01 1.960982195468646147e-09
5.640150804533823337e-01 1.954567939426212652e-09
6.114600275969631626e-01 1.948163015644149439e-09
6.628960435744615243e-01 1.941767383308989545e-09
7.186588570861093261e-01 1.935380563704854699e-09
7.791124383295543465e-01 1.929003047813630944e-09
8.446513746745499818e-01 1.922634938365315428e-09
9.157034461793990276e-01 1.916276136211458711e-09
9.927324177598265686e-01 1.909926733900460941e-09
1.076241066235099408e+00 1.903586676623835587e-09
1.166774462009249280e+00 1.897255948094868708e-09
1.264923526807321119e+00 1.890934519782346940e-09
1.371328890688376489e+00 1.884621944514381630e-09
1.486685073510429556e+00 1.878318771413364101e-09
1.611745018140194663e+00 1.872024978746404234e-09
1.747325004996435727e+00 1.865740567927647937e-09
1.894309980004678540e+00 1.859465521450603572e-09
2.053659330739473710e+00 1.853199877417316983e-09
2.226413148455715696e+00 1.846943663660071140e-09
2.413699016882038695e+00 1.840696636641853081e-09
2.616739372087482085e+00 1.834458605792727280e-09
2.836859481460121568e+00 1.828230005258397083e-09
3.075496093877378545e+00 1.822010796991612401e-09
3.334206817528607480e+00 1.815801032437059904e-09
3.614680286600125747e+00 1.809600631786578344e-09
3.918747183181733096e+00 1.803409674998842547e-09
4.248392186336007903e+00 1.797228153646018204e-09
4.605766926323251909e+00 1.791055874266024801e-09
4.993204028535842554e+00 1.784892602338298586e-09
5.413232338808263933e+00 1.778738870388897035e-09
5.868593429480212897e+00 1.772594501589846270e-09
6.362259493949682820e+00 1.766459554545701345e-09
6.897452746515799760e+00 1.760334057820685093e-09
7.477666454136405072e+00 1.754217998622994865e-09
8.106687737376987002e+00 1.748111373022235039e-09
8.788622289375467744e+00 1.742014224730228451e-09
9.527921174166149143e+00 1.735926089957605108e-09
1.032940987927866949e+01 1.729847342867844198e-09
1.119831981224147732e+01 1.723778049927627296e-09
1.214032244657107817e+01 1.717718240420312551e-09
1.316156634012189386e+01 1.711667886249654562e-09
1.426871726741952884e+01 1.705626974749206593e-09
1.546900172792586048e+01 1.699595598019490400e-09
1.677025411421920964e+01 1.693573641917146639e-09
1.818096784796184551e+01 1.687561052944580211e-09
1.971035081742481054e+01 1.681557617834588269e-09
2.136838547841727376e+01 1.675563679763735304e-09
2.316589401090580580e+01 1.669579192816186697e-09
2.511460895660850312e+01 1.663604249545502753e-09
2.722724979862313788e+01 1.657638772180687126e-09
2.951760598293357774e+01 1.651682851123215222e-09
3.200062692368495476e+01 1.645736394425075264e-09
3.469251957970261913e+01 1.639799465970560852e-09
3.761085423914736481e+01 1.633871815205625503e-09
4.077467920277570812e+01 1.627953456478959368e-09
4.420464511435574195e+01 1.622044638745388390e-09
4.792313974975705548e+01 1.616145347207935402e-09
5.195443414449900388e+01 1.610255604003381102e-09
5.632484101354747708e+01 1.604375372704673444e-09
6.106288649738494456e+01 1.598504674843312401e-09
6.619949635535901677e+01 1.592643525861026030e-09
7.176819782161575745e+01 1.586791891140907058e-09
7.780533844115284126e+01 1.580949671619210374e-09
8.435032331436147501e+01 1.575116746341213922e-09
9.144587229857802413e+01 1.569293366508817828e-09
9.913829884543035575e+01 1.563479614582682111e-09
1.074778122939802500e+02 1.557675367006730108e-09
1.165188455927645919e+02 1.551880704918194690e-09
1.263204105898138891e+02 1.546095637535689867e-09
1.369464832096655300e+02 1.540320132754290450e-09
1.484664210314678883e+02 1.534554213072390102e-09
1.609554159937520126e+02 1.528797801014803224e-09
1.744949851807285199e+02 1.523050669098179691e-09
1.891735028935253808e+02 1.517313118925609273e-09
2.050867774792589842e+02 1.511585163804378479e-09
2.223386766829628982e+02 1.505866814337522080e-09
2.410418056041209525e+02 1.500158066451581084e-09
2.613182416829005774e+02 1.494458936298119908e-09
2.833003315134283753e+02 1.488769427161671551e-09
3.071315546849946259e+02 1.483089536291461571e-09
3.329674602895786961e+02 1.477419273792378787e-09
3.609766822083834654e+02 1.471758452257754756e-09
3.913420398042737816e+02 1.466107051278945001e-09
4.242617312044568507e+02 1.460465316292544297e-09
4.599506269620999319e+02 1.454833217686058709e-09
4.986416725407606805e+02 1.449210750535659039e-09
5.405874087758016913e+02 1.443597937953362001e-09
5.860616202370204064e+02 1.437994817593682257e-09
6.353611222515315831e+02 1.432401301276640507e-09
6.888076982510219750e+02 1.426817453201702499e-09
7.467502000886333917e+02 1.421243237376918568e-09
8.095668250345194110e+02 1.415678643061221488e-09
8.776675843122392280e+02 1.410123490218844613e-09
9.514969792884422759e+02 1.404578002238423846e-09
1.031536902783623646e+03 1.399042199894715250e-09
1.118309784441116108e+03 1.393516067261482956e-09
1.212382000684529885e+03 1.387999609317651975e-09
1.314367571520806450e+03 1.382492894585548829e-09
1.424932168318310687e+03 1.376995843499318490e-09
1.544797458719244560e+03 1.371508508432740411e-09
1.674745817046041111e+03 1.366030866627012270e-09
1.815625430947159884e+03 1.360562962348448122e-09
1.968355837613918538e+03 1.355104539564530936e-09
2.133933925703831392e+03 1.349655737425899461e-09
2.313440442145781617e+03 1.344216715517209240e-09
2.508047046297568613e+03 1.338787376210921358e-09
2.719023957499209700e+03 1.333367798216345109e-09
2.947748245938414584e+03 1.327957963697798891e-09
3.195712820943589122e+03 1.322557864332339858e-09
3.464536175372072648e+03 1.317167488003722943e-09
3.755972949696299111e+03 1.311786913579919160e-09
4.071925384740783102e+03 1.306416026681455627e-09
4.414455737823427626e+03 1.301054974139710350e-09
4.785799743342482543e+03 1.295703545933236908e-09
5.188381205668133589e+03 1.290361707348049904e-09
5.624827819588096645e+03 1.285029666744036820e-09
6.097988321568952415e+03 1.279707449630258262e-09
6.610951083781703346e+03 1.274394946449266533e-09
7.167064272256542608e+03 1.269092287618341746e-09
7.769957700741664667e+03 1.263799379727777598e-09
8.423566522908644401e+03 1.258516297391635009e-09
9.132156917545926262e+03 1.253243001562017502e-09
9.900353934390861468e+03 1.247979524487611365e-09
1.073317168235309873e+04 1.242725884078238398e-09
1.163604605717097002e+04 1.237482020069382311e-09
1.261487022211877775e+04 1.232247953301122240e-09
1.367603307335043064e+04 1.227023516802089698e-09
1.482646094094821638e+04 1.221808924383392286e-09
1.607366279786346058e+04 1.216604172762563301e-09
1.742577927183318752e+04 1.211409269639146916e-09
1.889163578017902910e+04 1.206224194213157854e-09
2.048080013430566032e+04 1.201048989003321139e-09
2.220364498988873311e+04 1.195883617727768985e-09
2.407141555037321086e+04 1.190728098738638588e-09
2.609630296568945778e+04 1.185582490422442671e-09
2.829152390526908130e+04 1.180446758565711039e-09
3.067140682474325149e+04 1.175320893234085390e-09
3.325148548939430475e+04 1.170204875209344994e-09
3.604860036480101553e+04 1.165098790155924813e-09
3.908100853646412725e+04 1.160002355302287542e-09
4.236850287587043567e+04 1.154915862220777846e-09
4.593254123080673889e+04 1.149839239257988961e-09
4.979638648316096078e+04 1.144772532632928574e-09
5.398525838838687923e+04 1.139715729146758518e-09
5.852649818770336424e+04 1.134668890517040398e-09
6.344974706747130404e+04 1.129631918885411790e-09
6.878713963057420915e+04 1.124604915226993766e-09
7.457351364260823175e+04 1.119587806701807582e-09
8.084663742192376230e+04 1.114580669801236748e-09
8.764745635771546222e+04 1.109583443737088093e-09
9.502036016521327838e+04 1.104596190373384238e-09
1.030134726223813632e+05 1.099618863380196916e-09
1.116789656792635360e+05 1.094651551079252755e-09
1.210733999902099895e+05 1.089694162001052586e-09
1.312580940916719846e+05 1.084746626897661680e-09
1.422995246352322283e+05 1.079809044314634336e-09
1.542697602882361680e+05 1.074881423118421105e-09
1.672469321341461909e+05 1.069963788819921828e-09
1.813157436429663503e+05 1.065056137151405876e-09
1.965680235403842235e+05 1.060158511613693684e-09
2.131033251842603495e+05 1.055270895810273633e-09
2.310295763606662222e+05 1.050393259826740790e-09
2.504637837407678890e+05 1.045525652032029007e-09
2.715327965966116753e+05 1.040668060545974698e-09
2.943741347606890486e+05 1.035820512007009872e-09
3.191368862334534642e+05 1.030982959977896124e-09
3.459826802975785686e+05 1.026155460270790541e-09
3.750867424905927619e+05 1.021338022646713035e-09
4.066390383217945928e+05 1.016530611805718353e-09
4.408455131986464839e+05 1.011733239242263618e-09
4.779294366557666217e+05 1.006945932645982435e-09
5.181328596604594495e+05 1.002168712390151104e-09
5.617181945067940978e+05 9.974014387904688938e-10
6.089699276103479788e+05 9.926442191872933709e-10
6.601964763832605677e+05 9.878971016129845927e-10
7.157322023096017074e+05 9.831600640774555177e-10
7.759395933606371982e+05 9.784331099813703417e-10
8.412116299948565429e+05 9.737162698518572815e-10
9.119743501859357348e+05 9.690095256547260696e-10
9.886896302208101843e+05 9.643129093317293543e-10
1.071858199418509612e+06 9.596263678164802579e-10
1.162022908447116148e+06 9.549500065592803470e-10
1.259772272571534850e+06 9.502837425378906872e-10
1.365744312959284289e+06 9.456276181264798742e-10
1.480630721116868081e+06 9.409816073534492039e-10
1.605181373638575897e+06 9.363457781073807699e-10
1.740209226735915057e+06 9.317200894832112113e-10
1.886595622494844720e+06 9.271045588817005943e-10
2.045296041495392565e+06 9.224991899703544459e-10
2.217346339341542684e+06 9.179040193035165338e-10
2.403869507808077615e+06 9.133189818244883005e-10
2.606083004735040478e+06 9.087441282429737705e-10
2.825306700512892101e+06 9.041794799634613995e-10
3.062971493026040494e+06 8.996250222058259640e-10
3.320628647285283078e+06 8.950807707099992002e-10
3.599959920710220467e+06 8.905467032930587238e-10
3.902788540150342043e+06 8.860228731151841813e-10
4.231091102293097414e+06 8.815092262715041424e-10
4.587010475134342909e+06 8.770057514715193032e-10
4.972869784720285796e+06 8.725125512524998283e-10
5.391187578454289585e+06 8.680295667878548127e-10
5.844694263940931298e+06 8.635568113252546182e-10
6.336349930665589869e+06 8.590943266201410850e-10
6.869363670833678916e+06 8.546421072980412555e-10
7.447214525478798896e+06 8.502001438133269468e-10
8.073674192557604983e+06 8.457684409414054099e-10
8.752831645249247551e+06 8.413470110686908954e-10
9.489119821146413684e+06 8.369359047194519390e-10
1.028734455654089898e+07 8.325350527680310611e-10
1.115271595466117747e+07 8.281445155379068134e-10
1.209088239260628633e+07 8.237642678350601493e-10
1.310796738894243538e+07 8.193943333050170485e-10
1.421060957260220684e+07 8.150347215383299765e-10
1.540600601396722905e+07 8.106854249581048623e-10
1.670195920096139237e+07 8.063464829256995145e-10
1.810692796677324548e+07 8.020178645462301081e-10
1.963008270161759853e+07 7.976995802490258630e-10
2.128136520891104266e+07 7.933916581481385873e-10
2.307155359654846415e+07 7.890940574209309866e-10
2.501233262683365867e+07 7.848068732793148528e-10
2.711636998424580321e+07 7.805300236374877405e-10
2.939739895885079727e+07 7.762635573180425394e-10
3.187030808503988758e+07 7.720074890075827094e-10
3.455123832067982852e+07 7.677618006124974638e-10
3.745768840097235143e+07 7.635265156161601532e-10
4.060862905468004197e+07 7.593016190629359224e-10
4.402462682822154462e+07 7.550871625693898555e-10
4.772797832584785670e+07 7.508831118329581996e-10
5.174285574210339785e+07 7.466894923285380702e-10
5.609546463647665828e+07 7.425063122749188990e-10
6.081421498005385697e+07 7.383335523348624156e-10
6.592990659061802179e+07 7.341712469783658267e-10
7.147593016654554009e+07 7.300193926483316411e-10
7.748848523167617619e+07 7.258779917480483424e-10
8.400681641370370984e+07 7.217470710119896061e-10
9.107346959830400348e+07 7.176266414526764521e-10
9.873456963094972074e+07 7.135166861273716440e-10
1.070401213789970428e+08 7.094172189794088848e-10
1.160443361191183031e+08 7.053282530140986491e-10
1.258059853804426193e+08 7.012497785894220176e-10
1.363887845529810488e+08 6.971818408410056883e-10
1.478618087651908398e+08 6.931244091642997174e-10
1.602999437451625764e+08 6.890775076342833366e-10
1.737843746082428098e+08 6.850411422676644216e-10
1.884031157614767253e+08 6.810153209254548689e-10
2.042515853836078346e+08 6.770000428386628100e-10
2.214332282303337753e+08 6.729953402754077952e-10
2.400601908299430013e+08 6.690011967704027889e-10
2.602540534763976038e+08 6.650176079197535126e-10
2.821466237976818085e+08 6.610446285991561617e-10
3.058807970791128874e+08 6.570822194545748201e-10
3.316114889570470452e+08 6.531304266942856441e-10
3.595066465707834959e+08 6.491892247399229072e-10
3.897483447725512385e+08 6.452586565905737178e-10
4.225339745506903529e+08 6.413386482351686633e-10
4.580775314229816794e+08 6.374292596880275416e-10
4.966110122096194625e+08 6.335305018963585354e-10
5.383859293027328253e+08 6.296423947476338410e-10
5.836749523162358999e+08 6.257649337122691895e-10
6.327736878312784433e+08 6.218981344903071864e-10
6.860026088538703918e+08 6.180419864512648306e-10
7.437091465784748793e+08 6.141965441360839072e-10
8.062699581107650995e+08 6.103617675682014700e-10
8.740933849511834383e+08 6.065376829548393444e-10
9.476221182861613035e+08 6.027243109819600967e-10
1.027336088483615041e+09 5.989216542590044377e-10
1.113755597652797937e+09 5.951296880298305805e-10
1.207444715715075493e+09 5.913484397276378680e-10
1.309014962152188301e+09 5.875779608385054004e-10
1.419129297463122845e+09 5.838182082844813255e-10
1.538506450382370710e+09 5.800691914985324476e-10
1.667925609103754520e+09 5.763309664200859654e-10
1.808231507129985571e+09 5.726034978353469674e-10
1.960339936943913698e+09 5.688868021968776599e-10
2.125243727489710331e+09 5.651808700127898197e-10
2.304019224479831696e+09 5.614856955191198835e-10
2.497833315825347900e+09 5.578013000749831759e-10
2.707951048045450211e+09 5.541277142108486892e-10
2.935743883369364738e+09 5.504649189175081024e-10
3.182698651425541878e+09 5.468129825423687041e-10
3.450427253947035789e+09 5.431718729386230811e-10
3.740677185836613655e+09 5.395416118749184059e-10
4.055342941263834953e+09 5.359221844561948801e-10
4.396478379243069649e+09 5.323136444032625992e-10
4.766310129403738022e+09 5.287159873156604980e-10
5.167252125454084396e+09 5.251291801705898634e-10
5.601921361199793816e+09 5.215532742420053248e-10
6.073154971958877563e+09 5.179882798211000414e-10
6.584028752865107536e+09 5.144341672829042311e-10
7.137877234931221962e+09 5.108908802217132232e-10
7.738315449910252571e+09 5.073585230780045278e-10
8.389262526017191887e+09 5.038370959285495015e-10
9.094967268522583008e+09 5.003266256721023707e-10
9.860035892185560226e+09 4.968271102312667526e-10
1.068946208653928185e+10 4.933385467360543122e-10
1.158865961026770782e+10 4.898609624746793797e-10
1.256349762742166519e+10 4.863943692830027814e-10
1.362033901611711502e+10 4.829387545720349752e-10
1.476608189976100540e+10 4.794941580972859521e-10
1.600820467188403893e+10 4.760604838429466843e-10
1.735481480846166229e+10 4.726377912907426700e-10
1.881470178632795334e+10 4.692261357073676267e-10
2.039739445308609772e+10 4.658255066850585878e-10
2.211322322297549057e+10 4.624359476717447170e-10
2.397338750465554428e+10 4.590574335163643184e-10
2.599002880101354599e+10 4.556899987408796872e-10
2.817630995812909317e+10 4.523336417874387767e-10
3.054650108066076660e+10 4.489883632029031492e-10
3.311607267443485641e+10 4.456540929507709771e-10
3.590179662418910217e+10 4.423308985505545108e-10
3.892185566556262207e+10 4.390188290894677152e-10
4.219596206587073517e+10 4.357178894951462160e-10
4.574548628830553436e+10 4.324280817025826524e-10
4.959359647936887360e+10 4.291494526855007872e-10
5.376540968998764038e+10 4.258819676908086038e-10
5.828815581734989929e+10 4.226256309274130241e-10
6.319135533752578735e+10 4.193803494708478692e-10
6.850701198895812988e+10 4.161462605264853557e-10
7.426982166448674011e+10 4.129233773222114428e-10
8.051739887536918640e+10 4.097117091764692101e-10
8.729052226545606995e+10 4.065112887335824322e-10
9.463340077801467896e+10 4.033220811520843568e-10
1.025939622125086975e+11 4.001440526293464237e-10
1.112241660547716675e+11 3.969772030092199907e-10
1.205803426224537354e+11 3.938216154329181037e-10
1.307235607393850555e+11 3.906773180177547643e-10
1.417200263387006836e+11 3.875443035929820993e-10
1.536415145964642639e+11 3.844226015072822605e-10
1.665658384163687439e+11 3.813121366804889115e-10
1.805773563233685303e+11 3.782128998337750304e-10
1.957675230813262939e+11 3.751249838032112256e-10
2.122354866286077576e+11 3.720484275496272671e-10
2.300887352279043884e+11 3.689832345327884230e-10
2.494437990542937927e+11 3.659294015909917579e-10
2.704270108008868408e+11 3.628868253652816621e-10
2.931753302666187744e+11 3.598555956099524455e-10
3.178372383083690186e+11 3.568357778631870777e-10
3.445737059923191528e+11 3.538273647709432503e-10
3.735592452703326416e+11 3.508303831086377527e-10
4.049830480392231445e+11 3.478447491462462875e-10
4.390502210176847534e+11 3.448704807727086880e-10
4.759831245010756226e+11 3.419076636057905426e-10
5.160228237322324219e+11 3.389563309142950607e-10
5.594306623616125488e+11 3.360164936183188051e-10
6.064899682668898926e+11 3.330880160102941354e-10
6.575079028660899658e+11 3.301709856064105035e-10
7.128174659949555664e+11 3.272655095402973253e-10
7.727796694345627441e+11 3.243715526256975142e-10
8.377858932761030273e+11 3.214891013052375147e-10
9.082604405030509033e+11 3.186180623170326473e-10
9.846633064647747803e+11 3.157586072194530141e-10
1.067493181318283081e+12 3.129107276205966697e-10
1.157290705035320312e+12 3.100744530207140504e-10
1.254641996220692871e+12 3.072495964019573534e-10
1.360182477774763672e+12 3.044363667401297988e-10
1.474601024370663330e+12 3.016347670145245567e-10
1.598644458817305664e+12 2.988448087266503110e-10
1.733122426656385498e+12 2.960663474072718706e-10
1.878912680810527344e+12 2.932995487771361163e-10
2.036966810775989990e+12 2.905444262718268730e-10
2.208316453755055664e+12 2.878010021264066142e-10
2.394080028268846191e+12 2.850690997325094370e-10
2.595470034201687988e+12 2.823489369885221579e-10
2.813800966925083008e+12 2.796405188868713405e-10
3.050497897157877441e+12 2.769437463572593644e-10
3.307105772564186523e+12 2.742586456685385424e-10
3.585299501801716309e+12 2.715853336944362221e-10
3.886894886840272949e+12 2.689238077743532082e-10
4.213860474906733887e+12 2.662738967353396558e-10
4.568330407415747070e+12 2.636358068651411225e-10
4.952618349752369141e+12 2.610095695805302063e-10
5.369232592827985352e+12 2.583950225157743989e-10
5.820892424979179688e+12 2.557922913643628369e-10
6.310545881070475586e+12 2.532014542547525401e-10
6.841388984651780273e+12 2.506223723729965297e-10
7.416886608765947266e+12 2.480551350674491960e-10
8.040795091567413086e+12 2.454998047225604586e-10
8.717186754366781250e+12 2.429563104485582903e-10
9.450476482132919922e+12 2.404246845917255879e-10
1.024545053994716602e+13 2.379050179624421378e-10
1.110729781349740820e+13 2.353972102096856465e-10
1.204164367752250391e+13 2.329013118705577885e-10
1.305458671327008203e+13 2.304174504997327198e-10
1.415273851462708203e+13 2.279454249844431762e-10
1.534326684274136328e+13 2.254854204162136909e-10
1.663394241081049414e+13 2.230374571466011280e-10
1.803318960440659766e+13 2.206013643365994159e-10
1.955014146839478125e+13 2.181773818053159769e-10
2.119469931935137500e+13 2.157653889608671862e-10
2.297759737257787500e+13 2.133654194624008457e-10
2.491047280553990625e+13 2.109775929760103967e-10
2.700594171504212500e+13 2.086017081976604031e-10
2.927768146392042188e+13 2.062379945696296268e-10
3.174051995473826172e+13 2.038863572138214485e-10
3.441053241318494922e+13 2.015468239129244740e-10
3.730514631289429688e+13 1.992194888230047461e-10
4.044325512653819531e+13 1.969041956804456589e-10
4.384534164566180469e+13 1.946011743994325135e-10
4.753361167418389062e+13 1.923102263392002161e-10
5.153213896819224219e+13 1.900315444409064998e-10
5.586702236807616406e+13 1.877650323258408313e-10
6.056655614861258594e+13 1.855107710534331277e-10
6.566141469890125000e+13 1.832687555043827257e-10
7.118485273757521875e+13 1.810389747246971657e-10
7.717292237011585938e+13 1.788215100889237918e-10
8.366470840502573438e+13 1.766162777159232654e-10
9.070258346480025000e+13 1.744234180840778678e-10
9.833248455683212500e+13 1.722428277680953354e-10
1.066042129094595156e+14 1.700746357073929246e-10
1.155717590302239688e+14 1.679187458745252961e-10
1.252936551080237656e+14 1.657752878410231909e-10
1.358333570593399688e+14 1.636441810401963181e-10
1.472596587121877812e+14 1.615255208694682138e-10
1.596471408312206875e+14 1.594192735999569587e-10
1.730766579148284688e+14 1.573254782772493327e-10
1.876358659415993750e+14 1.552441730184808404e-10
2.034197945108197188e+14 1.531753071883105032e-10
2.205314671114279375e+14 1.511190428265389209e-10
2.390825735679907812e+14 1.490751757998559196e-10
2.591941990528385000e+14 1.470439514053276798e-10
2.809976144226890625e+14 1.450252431151401189e-10
3.046351330383970625e+14 1.430191288240024311e-10
3.302610396603729375e+14 1.410256811948188295e-10
3.580425974826816250e+14 1.390447608300429420e-10
3.881611398788550000e+14 1.370765432969465514e-10
4.208132539853441250e+14 1.351209934655669423e-10
4.562120638480233750e+14 1.331781082320770941e-10
4.945886215069680625e+14 1.312480026211331104e-10
5.361934150992788750e+14 1.293305806515073606e-10
5.812980038235235000e+14 1.274259155588761995e-10
6.301967904373610000e+14 1.255340992829496391e-10
6.832089428576832500e+14 1.236550450797337667e-10
7.406804774057456250e+14 1.217888179855077211e-10
8.029865172948735000e+14 1.199355071379263693e-10
8.705337411021498750e+14 1.180950976785785378e-10
9.437630372055352500e+14 1.162675597510682953e-10
1.023152381512222500e+15 1.144529910583476959e-10
1.109219957261535875e+15 1.126514639215208761e-10
1.202527537265558000e+15 1.108629300871298844e-10
1.303684150663913500e+15 1.090874386334152108e-10
1.413350058125915000e+15 1.073250778476054088e-10
1.532241061446709750e+15 1.055758723843611367e-10
1.661133175666645750e+15 1.038398896149273024e-10
1.800867694209306000e+15 1.021171188291131866e-10
1.952356680098940250e+15 1.004076200621172330e-10
2.116588919099095750e+15 9.871152757066291894e-11
2.294636373629252500e+15 9.702887166799851922e-11
2.487661179584889500e+15 9.535973882837182837e-11
2.696923231730141000e+15 9.370422002215372237e-11
2.923788407173457000e+15 9.206241784572196545e-11
3.169737480602222500e+15 9.043439715064026852e-11
3.436375789466786000e+15 8.882030165532023954e-11
3.725443712199765500e+15 8.722022605903737791e-11
4.038828027863137000e+15 8.563432669532657091e-11
4.378574231368805000e+15 8.406258573106051074e-11
4.746899884655499000e+15 8.250491377393964800e-11
5.146209090966636000e+15 8.096076352637698234e-11
5.579108186704349000e+15 7.942873254271733146e-11
6.048422753282480000e+15 7.790535663211026646e-11
6.557216060016128000e+15 7.638295928775741462e-11
7.108809058427490000e+15 7.484740878290647638e-11
7.706802058472425000e+15 7.328424193240763165e-11
8.355098228171186000e+15 7.171699829369612248e-11
9.057929070028038000e+15 7.024831430400954077e-11
9.819882040527216000e+15 6.896213390151999056e-11
1.064593049298078400e+16 6.782770210938878577e-11
1.154146613916898800e+16 6.677382091683579889e-11
1.251233424165328800e+16 6.575271218855519457e-11
1.356487176646698000e+16 6.473940094561037779e-11
1.470594874521041600e+16 6.371596246710552765e-11
1.594301311652449400e+16 6.265616470798281571e-11
1.728413933962988000e+16 6.150173421180922494e-11
1.873808109723650400e+16 6.011131117392476672e-11
2.031432843182174400e+16 5.812582223147154938e-11
2.202316968821221200e+16 5.472351752589381393e-11
2.387575866677536800e+16 4.796189324125601670e-11
2.588418742553740400e+16 3.533291748266200662e-11
2.806156520641515600e+16 1.556143640297407733e-11
3.042210400072213600e+16 2.289560956662668146e-13
3.298121131244602800e+16 1.864056468480916346e-11
3.575559072477030400e+16 9.416517686626757529e-11
3.876335092625389600e+16 2.255571043365269839e-10
4.202412390829158400e+16 4.084618563321058195e-10
4.555919310534472000e+16 6.512754465117166422e-10
4.939163231432780000e+16 9.774722186879249759e-10
5.354645629989349600e+16 1.418209318438178858e-09
5.805078406863390400e+16 2.023228798037185070e-09
6.293401587790716800e+16 2.843892145050445744e-09
6.822802513464617600e+16 3.964491786429240523e-09
7.396736643669392000e+16 5.491997598235416667e-09
8.018950111457848000e+16 7.567234969156234570e-09
8.693504174585558400e+16 1.037002033243882846e-08
9.424801723800300800e+16 1.416239161258639884e-08
1.021761602100843520e+17 1.927690249361554692e-08
1.107712185489583520e+17 2.616578903601707813e-08
1.200892931735956160e+17 3.541049884555298617e-08
1.301912042121288960e+17 4.783832292076605162e-08
1.411428879817159360e+17 6.449200889996665196e-08
1.530158273623472640e+17 8.678329117273309999e-08
1.658875183736963840e+17 1.165753530259152443e-07
1.798419760004200640e+17 1.563639289040872469e-07
1.949702825674682560e+17 2.094272657744969052e-07
2.113711822447370560e+17 2.801037162846132944e-07
2.291517255614448640e+17 3.742117136910398464e-07
2.484279681370576640e+17 4.992366290371953506e-07
2.693257281894578560e+17 6.655221663090874728e-07
2.919814077646983680e+17 8.840785434721907138e-07
3.165428830486017280e+17 1.171995941073238233e-06
3.431704695713685120e+17 1.551461234402555241e-06
3.720379686051948800e+17 2.051108893886967277e-06
4.033338015848519680e+17 2.707474725594604448e-06
4.372622399557381120e+17 3.568451490758048126e-06
4.740447384767127040e+17 4.695727134277943016e-06
5.139213806803945600e+17 6.168512341704565479e-06
5.571524459255603200e+17 8.088637536227158721e-06
6.040201082699895040e+17 1.058588053457505962e-05
6.548302782524896000e+17 1.382536699738972520e-05
7.099145996056200960e+17 1.801616335327320108e-05
7.696326139318862080e+17 2.342080482665951659e-05
8.343741074724878080e+17 3.036620552580011106e-05
9.045616552862429440e+17 3.925957287787348740e-05
9.806533794448727040e+17 5.059931974564820651e-05
1.063145939247592064e+18 6.499175910171350987e-05
1.152577772972619648e+18 8.316462133096927845e-05
1.249532612324777984e+18 1.059779651380715458e-04
1.354643292518425856e+18 1.344301259473140188e-04
1.468595882864555264e+18 1.696559888106821527e-04
1.592134164822866688e+18 2.129011572604128219e-04
1.726064486747572992e+18 2.654851471085998616e-04
1.871261027014407168e+18 3.287231813214444077e-04
2.028671499881860864e+18 4.038080798011362059e-04
2.199323341329440256e+18 4.916380438404772263e-04
2.384330415248706048e+18 5.925810800361729037e-04
2.584900283758911488e+18 7.061799776504092260e-04
2.802342089101749248e+18 8.307865308461892962e-04
3.038075098560978944e+18 9.631862675537947562e-04
3.293637968180685312e+18 1.098234465887991179e-03
3.570698785747495936e+18 1.228616758519569504e-03
3.871065958588438528e+18 1.344848695836791883e-03
4.196700017250323968e+18 1.435688991858344657e-03
4.549726412104610304e+18 1.489098454236695681e-03
4.932449386402594816e+18 1.493856782573802205e-03
5.347367016332178432e+18 1.441790436310692739e-03
5.797187516243756032e+18 1.330280439179181828e-03
6.284846915472083968e+18 1.164501411647485491e-03
6.813528222132143104e+18 9.584274953612395261e-04
7.386682198973506560e+18 7.337405381018203502e-04
8.008049886899532800e+18 5.160898722101289488e-04
8.681687023164921856e+18 3.291875104185688927e-04
9.411990513631997952e+18 1.885179821507401558e-04
1.020372713187312435e+19 9.738072241627997411e-05
1.106206463244144230e+19 4.752570817708360809e-05
1.199260548139032371e+19 2.445339558860770297e-05
1.300142342420313907e+19 1.445237887544173999e-05
1.409510312981806899e+19 9.173380565829455143e-06
1.528078316950774784e+19 5.609937502442510497e-06
1.656620261114224026e+19 3.261325543968947696e-06
1.795975153296129638e+19 1.888398849234734802e-06
1.947052578656501350e+19 1.110915062533584202e-06
2.110838636656712090e+19 6.575882254333624053e-07
2.288402377442334720e+19 3.859982089530075157e-07
2.480902779654489702e+19 2.263377560720777788e-07
2.689596315214639104e+19 1.342120342619444644e-07
2.915845150459172045e+19 7.850580843212766867e-08
3.161126037153188659e+19 4.656338645591030446e-08
3.427039951416563712e+19 2.718797221943908791e-08
3.715322543476332134e+19 1.608122841643898074e-08
4.027855466452244890e+19 9.444169412523803454e-09
4.366678658119734886e+19 5.605877073777564346e-09
4.734003655814753485e+19 3.284855768161286007e-09
5.132228031388369715e+19 1.928171666943933836e-09
